# Force       
# CofR        : (0.000000e+00 0.000000e+00 0.000000e+00)
#
# Time        	total_x total_y total_z	pressure_x pressure_y pressure_z	viscous_x viscous_y viscous_z
1              5.345133e+04 2.821412e+05 -5.070296e-15 5.307282e+04 2.820871e+05 -4.973764e-15 3.785152e+02 5.408063e+01 -9.653100e-17
2              2.789907e+04 2.660128e+05 5.757198e-16 2.759364e+04 2.660447e+05 7.872837e-16 3.054294e+02 -3.188556e+01 -2.115639e-16
3              -9.524060e+03 8.484025e+04 7.538384e-15 -9.779461e+03 8.482203e+04 7.550468e-15 2.554011e+02 1.822071e+01 -1.208428e-17
4              -1.294742e+04 -5.730913e+04 6.197244e-15 -1.308938e+04 -5.739412e+04 6.125196e-15 1.419562e+02 8.498985e+01 7.204829e-17
5              -4.238271e+03 -6.232724e+04 3.482327e-15 -4.357658e+03 -6.246429e+04 3.449920e-15 1.193872e+02 1.370451e+02 3.240719e-17
6              1.424166e+02 2.097342e+04 3.526690e-15 -1.051449e+02 2.080413e+04 3.625766e-15 2.475616e+02 1.692943e+02 -9.907635e-17
7              -7.072391e+02 9.430355e+04 4.742398e-15 -1.075702e+03 9.415752e+04 4.890400e-15 3.684628e+02 1.460366e+02 -1.480019e-16
8              -7.342912e+02 1.219233e+05 4.103053e-15 -1.154369e+03 1.218437e+05 4.184968e-15 4.200778e+02 7.956843e+01 -8.191471e-17
9              1.134897e+03 1.105415e+05 2.079101e-15 6.998138e+02 1.104930e+05 2.096488e-15 4.350837e+02 4.853982e+01 -1.738735e-17
10             1.542742e+03 7.862821e+04 6.890740e-16 1.093803e+03 7.858223e+04 6.643155e-16 4.489393e+02 4.598219e+01 2.475847e-17
11             -1.515819e+02 5.357126e+04 7.505243e-16 -6.155520e+02 5.352009e+04 7.128919e-16 4.639701e+02 5.116926e+01 3.763245e-17
12             -1.834102e+03 4.769046e+04 1.621549e-15 -2.312954e+03 4.763433e+04 1.596528e-15 4.788526e+02 5.612778e+01 2.502039e-17
13             -2.551604e+03 5.658102e+04 2.521174e-15 -3.039669e+03 5.652218e+04 2.518321e-15 4.880650e+02 5.884079e+01 2.852799e-18
14             -2.417934e+03 7.154536e+04 3.117409e-15 -2.913846e+03 7.148477e+04 3.127879e-15 4.959119e+02 6.059636e+01 -1.046989e-17
15             -1.897847e+03 8.341623e+04 3.366073e-15 -2.405157e+03 8.335648e+04 3.379474e-15 5.073100e+02 5.974905e+01 -1.340097e-17
16             -1.256881e+03 8.813602e+04 3.325375e-15 -1.774956e+03 8.807844e+04 3.337344e-15 5.180754e+02 5.758260e+01 -1.196981e-17
17             -8.781101e+02 8.534381e+04 3.127125e-15 -1.410999e+03 8.528785e+04 3.134405e-15 5.328891e+02 5.595724e+01 -7.280042e-18
18             -1.320085e+03 7.786571e+04 2.958442e-15 -1.861469e+03 7.781155e+04 2.961790e-15 5.413834e+02 5.416337e+01 -3.348353e-18
19             -2.436195e+03 7.085896e+04 3.032121e-15 -2.979968e+03 7.080395e+04 3.030564e-15 5.437731e+02 5.500769e+01 1.556580e-18
20             -3.638111e+03 6.798623e+04 3.414824e-15 -4.178216e+03 6.793086e+04 3.425405e-15 5.401047e+02 5.537177e+01 -1.058071e-17
21             -4.183994e+03 7.113125e+04 4.073428e-15 -4.716733e+03 7.107477e+04 4.100823e-15 5.327392e+02 5.648358e+01 -2.739502e-17
22             -3.817071e+03 7.827694e+04 4.844600e-15 -4.345532e+03 7.822127e+04 4.899310e-15 5.284606e+02 5.566982e+01 -5.470982e-17
23             -3.028517e+03 8.475671e+04 5.509004e-15 -3.554389e+03 8.470148e+04 5.583172e-15 5.258724e+02 5.522294e+01 -7.416845e-17
24             -2.413976e+03 8.698498e+04 5.900732e-15 -2.940908e+03 8.693127e+04 5.985957e-15 5.269319e+02 5.371549e+01 -8.522452e-17
25             -2.387688e+03 8.376943e+04 5.997874e-15 -2.915115e+03 8.371616e+04 6.081764e-15 5.274265e+02 5.326739e+01 -8.389004e-17
26             -2.961148e+03 7.776509e+04 5.901568e-15 -3.486151e+03 7.771256e+04 5.979117e-15 5.250030e+02 5.253497e+01 -7.754809e-17
27             -3.721349e+03 7.307645e+04 5.801090e-15 -4.242272e+03 7.302459e+04 5.871768e-15 5.209238e+02 5.186370e+01 -7.067777e-17
28             -4.345865e+03 7.175026e+04 5.794900e-15 -4.860375e+03 7.169850e+04 5.860316e-15 5.145097e+02 5.175977e+01 -6.541659e-17
29             -4.562110e+03 7.441330e+04 5.887577e-15 -5.071906e+03 7.436166e+04 5.949723e-15 5.097959e+02 5.164929e+01 -6.214596e-17
30             -4.371557e+03 7.878586e+04 6.001675e-15 -4.878812e+03 7.873360e+04 6.064399e-15 5.072555e+02 5.226027e+01 -6.272401e-17
31             -4.083952e+03 8.138040e+04 6.038956e-15 -4.592500e+03 8.132850e+04 6.094501e-15 5.085478e+02 5.190045e+01 -5.554518e-17
32             -3.984668e+03 8.043748e+04 5.936082e-15 -4.497732e+03 8.038685e+04 5.977882e-15 5.130646e+02 5.063784e+01 -4.180051e-17
33             -4.241572e+03 7.564724e+04 5.690457e-15 -4.759963e+03 7.559835e+04 5.722659e-15 5.183907e+02 4.889033e+01 -3.220127e-17
34             -4.811395e+03 6.884233e+04 5.375350e-15 -5.334897e+03 6.879551e+04 5.391965e-15 5.235023e+02 4.682144e+01 -1.661563e-17
35             -5.443296e+03 6.307347e+04 5.063433e-15 -5.970547e+03 6.302769e+04 5.067401e-15 5.272513e+02 4.578248e+01 -3.967802e-18
36             -5.916776e+03 6.003116e+04 4.810139e-15 -6.446130e+03 5.998549e+04 4.804161e-15 5.293548e+02 4.566824e+01 5.977758e-18
37             -6.144043e+03 5.971733e+04 4.624509e-15 -6.675772e+03 5.967145e+04 4.615043e-15 5.317297e+02 4.587996e+01 9.466099e-18
38             -6.170198e+03 6.116803e+04 4.510782e-15 -6.704393e+03 6.112199e+04 4.502985e-15 5.341943e+02 4.603484e+01 7.796325e-18
39             -6.140729e+03 6.288501e+04 4.473311e-15 -6.678268e+03 6.283968e+04 4.467029e-15 5.375393e+02 4.533629e+01 6.281516e-18
40             -6.192971e+03 6.364097e+04 4.505269e-15 -6.734060e+03 6.359671e+04 4.500798e-15 5.410895e+02 4.425688e+01 4.470959e-18
41             -6.367884e+03 6.322760e+04 4.581082e-15 -6.911415e+03 6.318435e+04 4.581798e-15 5.435305e+02 4.325002e+01 -7.156111e-19
42             -6.607547e+03 6.223145e+04 4.672593e-15 -7.152491e+03 6.218889e+04 4.670465e-15 5.449446e+02 4.255962e+01 2.127891e-18
43             -6.800090e+03 6.165537e+04 4.733632e-15 -7.345344e+03 6.161317e+04 4.734764e-15 5.452540e+02 4.219330e+01 -1.131720e-18
44             -6.876179e+03 6.218722e+04 4.769075e-15 -7.421029e+03 6.214512e+04 4.773165e-15 5.448502e+02 4.209914e+01 -4.089992e-18
45             -6.844849e+03 6.390020e+04 4.800088e-15 -7.389036e+03 6.385783e+04 4.806963e-15 5.441867e+02 4.236937e+01 -6.874699e-18
46             -6.758987e+03 6.654943e+04 4.840554e-15 -7.302731e+03 6.650681e+04 4.851787e-15 5.437434e+02 4.261303e+01 -1.123282e-17
47             -6.692372e+03 6.935615e+04 4.885019e-15 -7.236131e+03 6.931342e+04 4.896724e-15 5.437594e+02 4.273623e+01 -1.170479e-17
48             -6.684002e+03 7.160530e+04 4.908242e-15 -7.227984e+03 7.156255e+04 4.920960e-15 5.439824e+02 4.275275e+01 -1.271755e-17
49             -6.718814e+03 7.323136e+04 4.905688e-15 -7.263365e+03 7.318875e+04 4.919646e-15 5.445515e+02 4.260496e+01 -1.395779e-17
50             -6.761786e+03 7.453722e+04 4.895959e-15 -7.307332e+03 7.449485e+04 4.908335e-15 5.455462e+02 4.236966e+01 -1.237635e-17
51             -6.789760e+03 7.571136e+04 4.897127e-15 -7.336723e+03 7.566923e+04 4.909753e-15 5.469636e+02 4.213219e+01 -1.262537e-17
52             -6.810695e+03 7.677943e+04 4.922930e-15 -7.359541e+03 7.673752e+04 4.936539e-15 5.488458e+02 4.190814e+01 -1.360945e-17
53             -6.843474e+03 7.775400e+04 4.974082e-15 -7.394523e+03 7.771223e+04 4.988053e-15 5.510495e+02 4.176825e+01 -1.397103e-17
54             -6.902232e+03 7.857874e+04 5.035924e-15 -7.455498e+03 7.853710e+04 5.050197e-15 5.532654e+02 4.164319e+01 -1.427292e-17
55             -6.987417e+03 7.916152e+04 5.090167e-15 -7.542745e+03 7.912001e+04 5.104949e-15 5.553282e+02 4.150248e+01 -1.478174e-17
56             -7.085595e+03 7.954895e+04 5.127663e-15 -7.642552e+03 7.950757e+04 5.142911e-15 5.569567e+02 4.138117e+01 -1.524760e-17
57             -7.184333e+03 7.987161e+04 5.150135e-15 -7.742557e+03 7.983034e+04 5.165456e-15 5.582239e+02 4.127032e+01 -1.532054e-17
58             -7.275903e+03 8.023807e+04 5.162754e-15 -7.835153e+03 8.019689e+04 5.177840e-15 5.592504e+02 4.117500e+01 -1.508531e-17
59             -7.359024e+03 8.068916e+04 5.170261e-15 -7.919130e+03 8.064805e+04 5.185103e-15 5.601065e+02 4.110625e+01 -1.484269e-17
60             -7.437690e+03 8.122942e+04 5.177672e-15 -7.998521e+03 8.118839e+04 5.192505e-15 5.608301e+02 4.102867e+01 -1.483308e-17
61             -7.514150e+03 8.187144e+04 5.190366e-15 -8.075557e+03 8.183053e+04 5.205455e-15 5.614073e+02 4.090801e+01 -1.508893e-17
62             -7.587090e+03 8.261116e+04 5.211566e-15 -8.148902e+03 8.257041e+04 5.227108e-15 5.618124e+02 4.074679e+01 -1.554233e-17
63             -7.654303e+03 8.338859e+04 5.241343e-15 -8.216338e+03 8.334802e+04 5.257404e-15 5.620348e+02 4.057037e+01 -1.606023e-17
64             -7.716787e+03 8.413423e+04 5.276379e-15 -8.278895e+03 8.409383e+04 5.292836e-15 5.621075e+02 4.039917e+01 -1.645745e-17
65             -7.779720e+03 8.477858e+04 5.310049e-15 -8.341751e+03 8.473835e+04 5.326741e-15 5.620309e+02 4.022895e+01 -1.669199e-17
66             -7.847588e+03 8.529462e+04 5.337143e-15 -8.409432e+03 8.525455e+04 5.353885e-15 5.618440e+02 4.006577e+01 -1.674244e-17
67             -7.922352e+03 8.572788e+04 5.356974e-15 -8.483825e+03 8.568800e+04 5.373748e-15 5.614729e+02 3.988176e+01 -1.677478e-17
68             -8.001688e+03 8.615591e+04 5.372606e-15 -8.562645e+03 8.611621e+04 5.389381e-15 5.609566e+02 3.969847e+01 -1.677543e-17
69             -8.079268e+03 8.661923e+04 5.388396e-15 -8.639505e+03 8.657971e+04 5.405300e-15 5.602374e+02 3.952080e+01 -1.690431e-17
70             -8.147304e+03 8.711920e+04 5.408324e-15 -8.706731e+03 8.707985e+04 5.425310e-15 5.594266e+02 3.935881e+01 -1.698608e-17
71             -8.205284e+03 8.762653e+04 5.432489e-15 -8.763792e+03 8.758734e+04 5.449634e-15 5.585078e+02 3.919346e+01 -1.714439e-17
72             -8.258082e+03 8.812465e+04 5.458661e-15 -8.815682e+03 8.808563e+04 5.475836e-15 5.576002e+02 3.902374e+01 -1.717572e-17
73             -8.314189e+03 8.857565e+04 5.481940e-15 -8.870816e+03 8.853681e+04 5.499160e-15 5.566272e+02 3.884063e+01 -1.721994e-17
74             -8.379460e+03 8.895653e+04 5.499040e-15 -8.935104e+03 8.891787e+04 5.516139e-15 5.556439e+02 3.865850e+01 -1.709857e-17
75             -8.453102e+03 8.929245e+04 5.510632e-15 -9.007623e+03 8.925398e+04 5.527643e-15 5.545208e+02 3.847412e+01 -1.701084e-17
76             -8.526989e+03 8.963555e+04 5.520751e-15 -9.080320e+03 8.959725e+04 5.537580e-15 5.533304e+02 3.830366e+01 -1.682880e-17
77             -8.593187e+03 9.000995e+04 5.532809e-15 -9.145195e+03 8.997180e+04 5.549571e-15 5.520087e+02 3.814095e+01 -1.676165e-17
78             -8.648004e+03 9.042826e+04 5.548690e-15 -9.198690e+03 9.039026e+04 5.565314e-15 5.506864e+02 3.799278e+01 -1.662380e-17
79             -8.694522e+03 9.087292e+04 5.568164e-15 -9.243843e+03 9.083507e+04 5.584746e-15 5.493208e+02 3.784462e+01 -1.658128e-17
80             -8.740828e+03 9.128503e+04 5.588116e-15 -9.288841e+03 9.124733e+04 5.604531e-15 5.480126e+02 3.769933e+01 -1.641503e-17
81             -8.794964e+03 9.162205e+04 5.604862e-15 -9.341622e+03 9.158451e+04 5.621122e-15 5.466585e+02 3.754320e+01 -1.626026e-17
82             -8.857073e+03 9.190636e+04 5.618232e-15 -9.402374e+03 9.186898e+04 5.634212e-15 5.453015e+02 3.738660e+01 -1.598010e-17
83             -8.922469e+03 9.217656e+04 5.629242e-15 -9.466313e+03 9.213933e+04 5.645001e-15 5.438437e+02 3.723102e+01 -1.575879e-17
84             -8.984915e+03 9.247335e+04 5.639971e-15 -9.527284e+03 9.243625e+04 5.655438e-15 5.423685e+02 3.709327e+01 -1.546717e-17
85             -9.039412e+03 9.278975e+04 5.652135e-15 -9.580239e+03 9.275279e+04 5.667395e-15 5.408261e+02 3.696598e+01 -1.526005e-17
86             -9.085076e+03 9.312216e+04 5.666819e-15 -9.624404e+03 9.308531e+04 5.681793e-15 5.393282e+02 3.684806e+01 -1.497448e-17
87             -9.129167e+03 9.339107e+04 5.681238e-15 -9.666983e+03 9.335435e+04 5.695950e-15 5.378163e+02 3.672046e+01 -1.471290e-17
88             -9.175089e+03 9.363156e+04 5.694624e-15 -9.711446e+03 9.359497e+04 5.708956e-15 5.363562e+02 3.658771e+01 -1.433249e-17
89             -9.225356e+03 9.385289e+04 5.705812e-15 -9.760204e+03 9.381644e+04 5.719801e-15 5.348473e+02 3.644945e+01 -1.398949e-17
90             -9.279189e+03 9.408728e+04 5.715605e-15 -9.812532e+03 9.405096e+04 5.729158e-15 5.333428e+02 3.632315e+01 -1.355315e-17
91             -9.334162e+03 9.434278e+04 5.724634e-15 -9.865928e+03 9.430657e+04 5.737807e-15 5.317661e+02 3.620666e+01 -1.317276e-17
92             -9.384818e+03 9.460478e+04 5.733047e-15 -9.915024e+03 9.456868e+04 5.745754e-15 5.302057e+02 3.610354e+01 -1.270669e-17
93             -9.429423e+03 9.481783e+04 5.742355e-15 -9.958034e+03 9.478183e+04 5.754640e-15 5.286106e+02 3.599375e+01 -1.228580e-17
94             -9.469213e+03 9.501843e+04 5.752026e-15 -9.996285e+03 9.498255e+04 5.763786e-15 5.270725e+02 3.587976e+01 -1.175957e-17
95             -9.507692e+03 9.521899e+04 5.761782e-15 -1.003321e+04 9.518323e+04 5.773069e-15 5.255141e+02 3.575899e+01 -1.128711e-17
96             -9.547636e+03 9.542819e+04 5.771324e-15 -1.007164e+04 9.539254e+04 5.782035e-15 5.239999e+02 3.564832e+01 -1.071161e-17
97             -9.590612e+03 9.563194e+04 5.779899e-15 -1.011305e+04 9.559640e+04 5.790066e-15 5.224388e+02 3.554363e+01 -1.016715e-17
98             -9.635017e+03 9.582490e+04 5.787481e-15 -1.015592e+04 9.578945e+04 5.796983e-15 5.209037e+02 3.544839e+01 -9.502249e-18
99             -9.678463e+03 9.600253e+04 5.794280e-15 -1.019778e+04 9.596718e+04 5.803124e-15 5.193184e+02 3.534912e+01 -8.844019e-18
100            -9.717896e+03 9.616934e+04 5.800765e-15 -1.023567e+04 9.613409e+04 5.808842e-15 5.177773e+02 3.525165e+01 -8.077147e-18
101            -9.753315e+03 9.632755e+04 5.807103e-15 -1.026952e+04 9.629240e+04 5.814443e-15 5.162095e+02 3.514954e+01 -7.339665e-18
102            -9.785933e+03 9.648916e+04 5.813788e-15 -1.030064e+04 9.645411e+04 5.820262e-15 5.147047e+02 3.505435e+01 -6.474228e-18
103            -9.818374e+03 9.665159e+04 5.820702e-15 -1.033155e+04 9.661663e+04 5.826334e-15 5.131715e+02 3.495962e+01 -5.632542e-18
104            -9.851433e+03 9.680678e+04 5.827413e-15 -1.036313e+04 9.677190e+04 5.832055e-15 5.116927e+02 3.487291e+01 -4.641597e-18
105            -9.885283e+03 9.694272e+04 5.833330e-15 -1.039545e+04 9.690794e+04 5.836973e-15 5.101712e+02 3.478229e+01 -3.642925e-18
106            -9.918344e+03 9.707114e+04 5.838819e-15 -1.042704e+04 9.703645e+04 5.841281e-15 5.087008e+02 3.469497e+01 -2.461526e-18
107            -9.950117e+03 9.719952e+04 5.844105e-15 -1.045731e+04 9.716492e+04 5.845366e-15 5.071901e+02 3.460374e+01 -1.260430e-18
108            -9.979042e+03 9.732975e+04 5.849402e-15 -1.048479e+04 9.729523e+04 5.849276e-15 5.057437e+02 3.452014e+01 1.268098e-19
109            -1.000573e+04 9.744963e+04 5.854508e-15 -1.050999e+04 9.741519e+04 5.852962e-15 5.042682e+02 3.443444e+01 1.545208e-18
110            -1.003074e+04 9.756277e+04 5.859748e-15 -1.053361e+04 9.752841e+04 5.856563e-15 5.028648e+02 3.435368e+01 3.184147e-18
111            -1.005562e+04 9.766851e+04 5.865036e-15 -1.055705e+04 9.763424e+04 5.860142e-15 5.014268e+02 3.426760e+01 4.893702e-18
112            -1.008009e+04 9.777825e+04 5.870498e-15 -1.058015e+04 9.774406e+04 5.863644e-15 5.000543e+02 3.418691e+01 6.853664e-18
113            -1.010400e+04 9.786529e+04 5.875568e-15 -1.060264e+04 9.783119e+04 5.866656e-15 4.986408e+02 3.410208e+01 8.912598e-18
114            -1.012680e+04 9.795525e+04 5.880850e-15 -1.062410e+04 9.792122e+04 5.869554e-15 4.972958e+02 3.402324e+01 1.129687e-17
115            -1.014852e+04 9.805087e+04 5.886027e-15 -1.064443e+04 9.801692e+04 5.872243e-15 4.959133e+02 3.394112e+01 1.378441e-17
116            -1.016818e+04 9.813882e+04 5.891319e-15 -1.066279e+04 9.810496e+04 5.874730e-15 4.946095e+02 3.386442e+01 1.658883e-17
117            -1.018668e+04 9.820741e+04 5.896612e-15 -1.067995e+04 9.817363e+04 5.876993e-15 4.932697e+02 3.378152e+01 1.961885e-17
118            -1.020395e+04 9.827742e+04 5.902492e-15 -1.069596e+04 9.824372e+04 5.879439e-15 4.920107e+02 3.370237e+01 2.305277e-17
119            -1.022085e+04 9.835096e+04 5.908709e-15 -1.071156e+04 9.831734e+04 5.882035e-15 4.907099e+02 3.361832e+01 2.667334e-17
120            -1.023661e+04 9.842060e+04 5.914945e-15 -1.072610e+04 9.838706e+04 5.884664e-15 4.894915e+02 3.354112e+01 3.028081e-17
121            -1.025187e+04 9.847800e+04 5.917882e-15 -1.074010e+04 9.844454e+04 5.886902e-15 4.882219e+02 3.346664e+01 3.097949e-17
122            -1.026608e+04 9.853216e+04 5.921172e-15 -1.075311e+04 9.849875e+04 5.888942e-15 4.870371e+02 3.340360e+01 3.223079e-17
123            -1.027977e+04 9.858085e+04 5.923675e-15 -1.076557e+04 9.854751e+04 5.890689e-15 4.857974e+02 3.334454e+01 3.298602e-17
124            -1.029193e+04 9.863132e+04 5.926502e-15 -1.077658e+04 9.859802e+04 5.892659e-15 4.846493e+02 3.329636e+01 3.384296e-17
125            -1.030331e+04 9.867227e+04 5.929180e-15 -1.078676e+04 9.863902e+04 5.894626e-15 4.834455e+02 3.324556e+01 3.455345e-17
126            -1.031318e+04 9.871836e+04 5.932381e-15 -1.079553e+04 9.868516e+04 5.897043e-15 4.823466e+02 3.320188e+01 3.533808e-17
127            -1.032259e+04 9.875634e+04 5.932912e-15 -1.080377e+04 9.872318e+04 5.899244e-15 4.811855e+02 3.315906e+01 3.366840e-17
128            -1.033098e+04 9.879264e+04 5.932714e-15 -1.081112e+04 9.875952e+04 5.901389e-15 4.801316e+02 3.312502e+01 3.132568e-17
129            -1.033950e+04 9.881970e+04 5.931733e-15 -1.081851e+04 9.878661e+04 5.902701e-15 4.790101e+02 3.308832e+01 2.903170e-17
130            -1.034707e+04 9.884510e+04 5.930704e-15 -1.082507e+04 9.881204e+04 5.903954e-15 4.780009e+02 3.305974e+01 2.675004e-17
131            -1.035444e+04 9.886663e+04 5.928839e-15 -1.083136e+04 9.883360e+04 5.904638e-15 4.769208e+02 3.302776e+01 2.420158e-17
132            -1.036026e+04 9.889089e+04 5.928034e-15 -1.083621e+04 9.885789e+04 5.905588e-15 4.759563e+02 3.300246e+01 2.244594e-17
133            -1.036533e+04 9.890920e+04 5.926734e-15 -1.084025e+04 9.887623e+04 5.906330e-15 4.749211e+02 3.297350e+01 2.040363e-17
134            -1.036914e+04 9.892733e+04 5.926052e-15 -1.084314e+04 9.889438e+04 5.907407e-15 4.740041e+02 3.295097e+01 1.864450e-17
135            -1.037265e+04 9.893821e+04 5.924495e-15 -1.084567e+04 9.890528e+04 5.908079e-15 4.730128e+02 3.292889e+01 1.641565e-17
136            -1.037566e+04 9.894970e+04 5.923348e-15 -1.084780e+04 9.891678e+04 5.908606e-15 4.721372e+02 3.291986e+01 1.474179e-17
137            -1.037908e+04 9.895442e+04 5.921381e-15 -1.085026e+04 9.892150e+04 5.908361e-15 4.711817e+02 3.291059e+01 1.301971e-17
138            -1.038163e+04 9.896120e+04 5.919735e-15 -1.085197e+04 9.892829e+04 5.908142e-15 4.703386e+02 3.290833e+01 1.159272e-17
139            -1.038389e+04 9.896133e+04 5.917752e-15 -1.085331e+04 9.892843e+04 5.907536e-15 4.694160e+02 3.290039e+01 1.021618e-17
140            -1.038471e+04 9.896412e+04 5.916228e-15 -1.085332e+04 9.893122e+04 5.907330e-15 4.686099e+02 3.289755e+01 8.898391e-18
141            -1.038514e+04 9.896103e+04 5.914698e-15 -1.085287e+04 9.892814e+04 5.906889e-15 4.677288e+02 3.288942e+01 7.809354e-18
142            -1.038448e+04 9.896024e+04 5.913628e-15 -1.085145e+04 9.892735e+04 5.906869e-15 4.669692e+02 3.288725e+01 6.759689e-18
143            -1.038415e+04 9.895271e+04 5.912062e-15 -1.085028e+04 9.891983e+04 5.906294e-15 4.661313e+02 3.288032e+01 5.768665e-18
144            -1.038341e+04 9.894711e+04 5.910676e-15 -1.084883e+04 9.891423e+04 5.905793e-15 4.654136e+02 3.287915e+01 4.882978e-18
145            -1.038306e+04 9.893488e+04 5.908688e-15 -1.084768e+04 9.890200e+04 5.904667e-15 4.646117e+02 3.287375e+01 4.020451e-18
146            -1.038184e+04 9.892538e+04 5.907139e-15 -1.084577e+04 9.889251e+04 5.903854e-15 4.639311e+02 3.287441e+01 3.285350e-18
147            -1.038041e+04 9.890850e+04 5.905153e-15 -1.084357e+04 9.887563e+04 5.902607e-15 4.631636e+02 3.287100e+01 2.546229e-18
148            -1.037781e+04 9.889551e+04 5.903771e-15 -1.084034e+04 9.886264e+04 5.901825e-15 4.625235e+02 3.287290e+01 1.946521e-18
149            -1.037513e+04 9.887630e+04 5.901948e-15 -1.083693e+04 9.884343e+04 5.900651e-15 4.617935e+02 3.287033e+01 1.297188e-18
150            -1.037171e+04 9.886026e+04 5.900699e-15 -1.083291e+04 9.882739e+04 5.899920e-15 4.611936e+02 3.287326e+01 7.793072e-19
151            -1.036879e+04 9.883850e+04 5.898857e-15 -1.082929e+04 9.880563e+04 5.898612e-15 4.604994e+02 3.287219e+01 2.453446e-19
152            -1.036531e+04 9.881933e+04 5.897472e-15 -1.082525e+04 9.878645e+04 5.897671e-15 4.599381e+02 3.287682e+01 -1.995177e-19
153            -1.036222e+04 9.879360e+04 5.895398e-15 -1.082149e+04 9.876072e+04 5.896057e-15 4.592754e+02 3.287731e+01 -6.593904e-19
154            -1.035833e+04 9.877143e+04 5.893825e-15 -1.081708e+04 9.873854e+04 5.894861e-15 4.587513e+02 3.288318e+01 -1.035047e-18
155            -1.035466e+04 9.874372e+04 5.891596e-15 -1.081277e+04 9.871084e+04 5.893027e-15 4.581192e+02 3.288516e+01 -1.431717e-18
156            -1.035003e+04 9.871919e+04 5.889991e-15 -1.080766e+04 9.868629e+04 5.891738e-15 4.576319e+02 3.289259e+01 -1.746688e-18
157            -1.034557e+04 9.868765e+04 5.887774e-15 -1.080260e+04 9.865476e+04 5.889865e-15 4.570314e+02 3.289606e+01 -2.090359e-18
158            -1.034026e+04 9.866032e+04 5.886315e-15 -1.079685e+04 9.862742e+04 5.888672e-15 4.565813e+02 3.290455e+01 -2.357033e-18
159            -1.033550e+04 9.862827e+04 5.884207e-15 -1.079152e+04 9.859536e+04 5.886865e-15 4.560129e+02 3.290926e+01 -2.658077e-18
160            -1.033021e+04 9.860126e+04 5.882764e-15 -1.078581e+04 9.856834e+04 5.885646e-15 4.555967e+02 3.291928e+01 -2.881690e-18
161            -1.032553e+04 9.856746e+04 5.880528e-15 -1.078059e+04 9.853453e+04 5.883670e-15 4.550578e+02 3.292578e+01 -3.141095e-18
162            -1.032016e+04 9.853644e+04 5.878912e-15 -1.077483e+04 9.850351e+04 5.882238e-15 4.546727e+02 3.293704e+01 -3.325907e-18
163            -1.031516e+04 9.849881e+04 5.876541e-15 -1.076932e+04 9.846587e+04 5.880090e-15 4.541637e+02 3.294448e+01 -3.548850e-18
164            -1.030929e+04 9.846618e+04 5.874925e-15 -1.076310e+04 9.843322e+04 5.878627e-15 4.538100e+02 3.295654e+01 -3.702191e-18
165            -1.030379e+04 9.842826e+04 5.872629e-15 -1.075712e+04 9.839529e+04 5.876525e-15 4.533313e+02 3.296532e+01 -3.896161e-18
166            -1.029755e+04 9.839504e+04 5.871110e-15 -1.075056e+04 9.836206e+04 5.875134e-15 4.530087e+02 3.297873e+01 -4.023311e-18
167            -1.029188e+04 9.835583e+04 5.868869e-15 -1.074444e+04 9.832284e+04 5.873059e-15 4.525591e+02 3.298877e+01 -4.190621e-18
168            -1.028567e+04 9.832123e+04 5.867365e-15 -1.073793e+04 9.828822e+04 5.871657e-15 4.522666e+02 3.300299e+01 -4.292057e-18
169            -1.028006e+04 9.828078e+04 5.865073e-15 -1.073190e+04 9.824777e+04 5.869506e-15 4.518442e+02 3.301390e+01 -4.433041e-18
170            -1.027383e+04 9.824517e+04 5.863510e-15 -1.072541e+04 9.821214e+04 5.868020e-15 4.515808e+02 3.302898e+01 -4.510192e-18
171            -1.026808e+04 9.820365e+04 5.861151e-15 -1.071927e+04 9.817061e+04 5.865780e-15 4.511839e+02 3.304092e+01 -4.629120e-18
172            -1.026165e+04 9.816698e+04 5.859586e-15 -1.071260e+04 9.813392e+04 5.864271e-15 4.509505e+02 3.305692e+01 -4.685450e-18
173            -1.025569e+04 9.812475e+04 5.857244e-15 -1.070627e+04 9.809168e+04 5.862031e-15 4.505781e+02 3.306964e+01 -4.787168e-18
174            -1.024914e+04 9.808759e+04 5.855757e-15 -1.069951e+04 9.805450e+04 5.860580e-15 4.503754e+02 3.308634e+01 -4.822919e-18
175            -1.024311e+04 9.804474e+04 5.853447e-15 -1.069314e+04 9.801164e+04 5.858357e-15 4.500247e+02 3.309965e+01 -4.910191e-18
176            -1.023659e+04 9.800665e+04 5.852017e-15 -1.068645e+04 9.797353e+04 5.856938e-15 4.498543e+02 3.311710e+01 -4.921123e-18
177            -1.023056e+04 9.796294e+04 5.849672e-15 -1.068008e+04 9.792981e+04 5.854670e-15 4.495217e+02 3.313080e+01 -4.998631e-18
178            -1.022409e+04 9.792441e+04 5.848303e-15 -1.067347e+04 9.789126e+04 5.853281e-15 4.493865e+02 3.314910e+01 -4.977779e-18
179            -1.021799e+04 9.788087e+04 5.845896e-15 -1.066706e+04 9.784771e+04 5.850954e-15 4.490660e+02 3.316296e+01 -5.058003e-18
180            -1.021157e+04 9.784250e+04 5.844646e-15 -1.066054e+04 9.780932e+04 5.849636e-15 4.489716e+02 3.318229e+01 -4.989910e-18
181            -1.020537e+04 9.779912e+04 5.842130e-15 -1.065403e+04 9.776592e+04 5.847224e-15 4.486544e+02 3.319580e+01 -5.094131e-18
182            -1.019910e+04 9.776009e+04 5.841090e-15 -1.064771e+04 9.772688e+04 5.846032e-15 4.486108e+02 3.321655e+01 -4.942227e-18
183            -1.019280e+04 9.771651e+04 5.838345e-15 -1.064108e+04 9.768329e+04 5.843467e-15 4.482836e+02 3.322903e+01 -5.121961e-18
184            -1.018677e+04 9.767676e+04 5.837656e-15 -1.063507e+04 9.764351e+04 5.842490e-15 4.483060e+02 3.325147e+01 -4.833378e-18
185            -1.018035e+04 9.763342e+04 5.834507e-15 -1.062830e+04 9.760016e+04 5.839627e-15 4.479540e+02 3.326364e+01 -5.120025e-18
186            -1.017451e+04 9.759362e+04 5.834358e-15 -1.062256e+04 9.756033e+04 5.838954e-15 4.480518e+02 3.328737e+01 -4.596530e-18
187            -1.016818e+04 9.755091e+04 5.830571e-15 -1.061586e+04 9.751761e+04 5.835626e-15 4.476761e+02 3.330032e+01 -5.055347e-18
188            -1.016304e+04 9.751963e+04 5.831256e-15 -1.061087e+04 9.748631e+04 5.835497e-15 4.478301e+02 3.332555e+01 -4.240678e-18
189            -1.015632e+04 9.746846e+04 5.826751e-15 -1.060375e+04 9.743512e+04 5.831570e-15 4.474301e+02 3.333827e+01 -4.819585e-18
190            -1.015036e+04 9.742222e+04 5.827437e-15 -1.059802e+04 9.738886e+04 5.831305e-15 4.476548e+02 3.336589e+01 -3.868764e-18
191            -1.014481e+04 9.739227e+04 5.823857e-15 -1.059203e+04 9.735890e+04 5.828250e-15 4.472145e+02 3.337051e+01 -4.393895e-18
192            -1.013888e+04 9.734540e+04 5.824447e-15 -1.058639e+04 9.731200e+04 5.828117e-15 4.475154e+02 3.340409e+01 -3.669393e-18
193            -1.013304e+04 9.731218e+04 5.820675e-15 -1.058008e+04 9.727877e+04 5.824730e-15 4.470422e+02 3.340479e+01 -4.055250e-18
194            -1.012732e+04 9.726213e+04 5.821066e-15 -1.057473e+04 9.722869e+04 5.824580e-15 4.474082e+02 3.344176e+01 -3.513831e-18
195            -1.012160e+04 9.722995e+04 5.817381e-15 -1.056852e+04 9.719651e+04 5.821185e-15 4.469154e+02 3.343744e+01 -3.803244e-18
196            -1.011607e+04 9.718260e+04 5.817949e-15 -1.056341e+04 9.714912e+04 5.821282e-15 4.473392e+02 3.347710e+01 -3.332989e-18
197            -1.011038e+04 9.715261e+04 5.814413e-15 -1.055721e+04 9.711914e+04 5.817959e-15 4.468316e+02 3.347032e+01 -3.546191e-18
198            -1.010497e+04 9.710671e+04 5.815089e-15 -1.055227e+04 9.707320e+04 5.818188e-15 4.473051e+02 3.351320e+01 -3.099412e-18
199            -1.009940e+04 9.707686e+04 5.811605e-15 -1.054619e+04 9.704335e+04 5.814866e-15 4.467893e+02 3.350435e+01 -3.261000e-18
200            -1.009422e+04 9.703087e+04 5.812353e-15 -1.054152e+04 9.699733e+04 5.815168e-15 4.473035e+02 3.354865e+01 -2.815647e-18
201            -1.008877e+04 9.700141e+04 5.808924e-15 -1.053556e+04 9.696788e+04 5.811877e-15 4.467859e+02 3.353757e+01 -2.953284e-18
202            -1.008442e+04 9.696711e+04 5.810074e-15 -1.053175e+04 9.693353e+04 5.812578e-15 4.473316e+02 3.358334e+01 -2.503346e-18
203            -1.007754e+04 9.691697e+04 5.805868e-15 -1.052436e+04 9.688340e+04 5.808448e-15 4.468190e+02 3.357126e+01 -2.580942e-18
204            -1.007369e+04 9.688738e+04 5.807365e-15 -1.052108e+04 9.685376e+04 5.809499e-15 4.473940e+02 3.361595e+01 -2.134138e-18
205            -1.006862e+04 9.685799e+04 5.804162e-15 -1.051551e+04 9.682439e+04 5.806400e-15 4.468876e+02 3.360222e+01 -2.238359e-18
206            -1.006369e+04 9.681187e+04 5.805095e-15 -1.051118e+04 9.677822e+04 5.806871e-15 4.474835e+02 3.364800e+01 -1.775620e-18
207            -1.005852e+04 9.678427e+04 5.801729e-15 -1.050551e+04 9.675064e+04 5.803636e-15 4.469893e+02 3.363318e+01 -1.906217e-18
208            -1.005451e+04 9.675445e+04 5.803044e-15 -1.050212e+04 9.672077e+04 5.804411e-15 4.476030e+02 3.367947e+01 -1.366917e-18
209            -1.004934e+04 9.672211e+04 5.799569e-15 -1.049647e+04 9.668844e+04 5.801029e-15 4.471207e+02 3.366503e+01 -1.459791e-18
210            -1.004475e+04 9.667333e+04 5.800512e-15 -1.049250e+04 9.663962e+04 5.801429e-15 4.477494e+02 3.370988e+01 -9.172638e-19
211            -1.004008e+04 9.664766e+04 5.797386e-15 -1.048736e+04 9.661396e+04 5.798445e-15 4.472836e+02 3.369212e+01 -1.059727e-18
212            -1.003642e+04 9.662198e+04 5.799036e-15 -1.048435e+04 9.658824e+04 5.799483e-15 4.479227e+02 3.373662e+01 -4.467478e-19
213            -1.003162e+04 9.659367e+04 5.795801e-15 -1.047909e+04 9.655995e+04 5.796374e-15 4.474694e+02 3.372056e+01 -5.730160e-19
214            -1.002787e+04 9.656027e+04 5.797221e-15 -1.047598e+04 9.652651e+04 5.797185e-15 4.481168e+02 3.376520e+01 3.566483e-20
215            -1.002323e+04 9.652789e+04 5.793946e-15 -1.047091e+04 9.649414e+04 5.794021e-15 4.476809e+02 3.374724e+01 -7.524428e-20
216            -1.001926e+04 9.648422e+04 5.795226e-15 -1.046759e+04 9.645043e+04 5.794666e-15 4.483370e+02 3.378881e+01 5.604117e-19
217            -1.001520e+04 9.646392e+04 5.792347e-15 -1.046312e+04 9.643016e+04 5.791965e-15 4.479177e+02 3.376922e+01 3.814935e-19
218            -1.001199e+04 9.644471e+04 5.794220e-15 -1.046057e+04 9.641090e+04 5.793117e-15 4.485765e+02 3.381234e+01 1.103245e-18
219            -1.000786e+04 9.642129e+04 5.791198e-15 -1.045603e+04 9.638750e+04 5.790268e-15 4.481695e+02 3.379529e+01 9.300781e-19
220            -1.000461e+04 9.639208e+04 5.792790e-15 -1.045344e+04 9.635824e+04 5.791136e-15 4.488303e+02 3.383762e+01 1.653922e-18
221            -1.000061e+04 9.636257e+04 5.789646e-15 -1.044905e+04 9.632875e+04 5.788142e-15 4.484410e+02 3.381766e+01 1.504380e-18
222            -9.997229e+03 9.632242e+04 5.791030e-15 -1.044633e+04 9.628856e+04 5.788785e-15 4.491053e+02 3.385585e+01 2.244465e-18
223            -9.993755e+03 9.630474e+04 5.788294e-15 -1.044249e+04 9.627091e+04 5.786259e-15 4.487320e+02 3.383455e+01 2.035168e-18
224            -9.991013e+03 9.628939e+04 5.790328e-15 -1.044041e+04 9.625552e+04 5.787479e-15 4.493946e+02 3.387466e+01 2.848932e-18
225            -9.987522e+03 9.627038e+04 5.787585e-15 -1.043656e+04 9.623652e+04 5.784945e-15 4.490334e+02 3.385657e+01 2.639763e-18
226            -9.984756e+03 9.624706e+04 5.789432e-15 -1.043445e+04 9.621316e+04 5.785986e-15 4.496934e+02 3.389610e+01 3.445457e-18
227            -9.981416e+03 9.622261e+04 5.786607e-15 -1.043077e+04 9.618873e+04 5.783347e-15 4.493489e+02 3.387529e+01 3.259324e-18
228            -9.978624e+03 9.618851e+04 5.788199e-15 -1.042863e+04 9.615460e+04 5.784124e-15 4.500073e+02 3.391051e+01 4.074308e-18
229            -9.975786e+03 9.617381e+04 5.785653e-15 -1.042546e+04 9.613992e+04 5.781814e-15 4.496776e+02 3.388832e+01 3.839470e-18
230            -9.973558e+03 9.616207e+04 5.787762e-15 -1.042389e+04 9.612815e+04 5.783042e-15 4.503304e+02 3.392504e+01 4.720633e-18
231            -9.970735e+03 9.614711e+04 5.785247e-15 -1.042075e+04 9.611320e+04 5.780759e-15 4.500122e+02 3.390601e+01 4.488246e-18
232            -9.968468e+03 9.612940e+04 5.787212e-15 -1.041913e+04 9.609546e+04 5.781864e-15 4.506585e+02 3.394227e+01 5.348423e-18
233            -9.965755e+03 9.610989e+04 5.784667e-15 -1.041611e+04 9.607597e+04 5.779526e-15 4.503554e+02 3.392101e+01 5.140990e-18
234            -9.963761e+03 9.609053e+04 5.786621e-15 -1.041476e+04 9.605658e+04 5.780627e-15 4.509956e+02 3.395351e+01 5.993250e-18
235            -9.961358e+03 9.607406e+04 5.784231e-15 -1.041206e+04 9.604012e+04 5.778438e-15 4.507061e+02 3.393145e+01 5.793163e-18
236            -9.959574e+03 9.606024e+04 5.786260e-15 -1.041091e+04 9.602627e+04 5.779620e-15 4.513380e+02 3.396399e+01 6.640108e-18
237            -9.957424e+03 9.604725e+04 5.784024e-15 -1.040848e+04 9.601331e+04 5.777591e-15 4.510599e+02 3.394342e+01 6.432569e-18
238            -9.955744e+03 9.603592e+04 5.786078e-15 -1.040743e+04 9.600194e+04 5.778792e-15 4.516824e+02 3.397549e+01 7.285677e-18
239            -9.953711e+03 9.602367e+04 5.783913e-15 -1.040513e+04 9.598972e+04 5.776837e-15 4.514164e+02 3.395445e+01 7.076219e-18
240            -9.952134e+03 9.601283e+04 5.785951e-15 -1.040416e+04 9.597885e+04 5.778021e-15 4.520296e+02 3.398448e+01 7.930239e-18
241            -9.950309e+03 9.600141e+04 5.783872e-15 -1.040208e+04 9.596744e+04 5.776142e-15 4.517757e+02 3.396301e+01 7.730352e-18
242            -9.948991e+03 9.599176e+04 5.785900e-15 -1.040137e+04 9.595777e+04 5.777328e-15 4.523783e+02 3.399193e+01 8.571922e-18
243            -9.947469e+03 9.598158e+04 5.783927e-15 -1.039960e+04 9.594761e+04 5.775550e-15 4.521343e+02 3.397092e+01 8.376990e-18
244            -9.946370e+03 9.597344e+04 5.785943e-15 -1.039910e+04 9.593944e+04 5.776741e-15 4.527260e+02 3.399875e+01 9.202193e-18
245            -9.945032e+03 9.596450e+04 5.784081e-15 -1.039752e+04 9.593053e+04 5.775065e-15 4.524921e+02 3.397772e+01 9.016429e-18
246            -9.944017e+03 9.595800e+04 5.786084e-15 -1.039709e+04 9.592399e+04 5.776264e-15 4.530715e+02 3.400419e+01 9.820494e-18
247            -9.942805e+03 9.595059e+04 5.784344e-15 -1.039565e+04 9.591661e+04 5.774696e-15 4.528482e+02 3.398324e+01 9.647906e-18
248            -9.941918e+03 9.594584e+04 5.786327e-15 -1.039533e+04 9.591183e+04 5.775905e-15 4.534138e+02 3.400871e+01 1.042214e-17
249            -9.940915e+03 9.593988e+04 5.784708e-15 -1.039412e+04 9.590589e+04 5.774437e-15 4.532017e+02 3.398797e+01 1.027117e-17
250            -9.940234e+03 9.593650e+04 5.786645e-15 -1.039399e+04 9.590249e+04 5.775633e-15 4.537534e+02 3.401227e+01 1.101196e-17
251            -9.939457e+03 9.593157e+04 5.785124e-15 -1.039301e+04 9.589758e+04 5.774242e-15 4.535501e+02 3.399162e+01 1.088168e-17
252            -9.938952e+03 9.592925e+04 5.787004e-15 -1.039304e+04 9.589523e+04 5.775420e-15 4.540873e+02 3.401460e+01 1.158382e-17
253            -9.938344e+03 9.592530e+04 5.785590e-15 -1.039224e+04 9.589130e+04 5.774114e-15 4.538926e+02 3.399414e+01 1.147650e-17
254            -9.937967e+03 9.592419e+04 5.787425e-15 -1.039238e+04 9.589017e+04 5.775289e-15 4.544154e+02 3.401602e+01 1.213633e-17
255            -9.937511e+03 9.592140e+04 5.786137e-15 -1.039174e+04 9.588740e+04 5.774085e-15 4.542290e+02 3.399593e+01 1.205250e-17
256            -9.937278e+03 9.592162e+04 5.787933e-15 -1.039201e+04 9.588761e+04 5.775267e-15 4.547363e+02 3.401673e+01 1.266635e-17
257            -9.936990e+03 9.592001e+04 5.786767e-15 -1.039155e+04 9.588602e+04 5.774160e-15 4.545573e+02 3.399694e+01 1.260697e-17
258            -9.936913e+03 9.592160e+04 5.788516e-15 -1.039196e+04 9.588758e+04 5.775345e-15 4.550486e+02 3.401656e+01 1.317188e-17
259            -9.936780e+03 9.592111e+04 5.787461e-15 -1.039166e+04 9.588711e+04 5.774323e-15 4.548766e+02 3.399707e+01 1.313833e-17
260            -9.936839e+03 9.592399e+04 5.789155e-15 -1.039219e+04 9.588998e+04 5.775503e-15 4.553517e+02 3.401557e+01 1.365224e-17
261            -9.936841e+03 9.592444e+04 5.788202e-15 -1.039203e+04 9.589045e+04 5.774557e-15 4.551866e+02 3.399650e+01 1.364469e-17
262            -9.937031e+03 9.592839e+04 5.789830e-15 -1.039268e+04 9.589437e+04 5.775724e-15 4.556452e+02 3.401396e+01 1.410660e-17
263            -9.937173e+03 9.592952e+04 5.788970e-15 -1.039266e+04 9.589552e+04 5.774847e-15 4.554854e+02 3.399551e+01 1.412314e-17
264            -9.937505e+03 9.593433e+04 5.790540e-15 -1.039343e+04 9.590032e+04 5.776005e-15 4.559283e+02 3.401167e+01 1.453417e-17
265            -9.937789e+03 9.593609e+04 5.789785e-15 -1.039356e+04 9.590210e+04 5.775200e-15 4.557739e+02 3.399380e+01 1.458446e-17
266            -9.938257e+03 9.594190e+04 5.791288e-15 -1.039446e+04 9.590789e+04 5.776356e-15 4.561993e+02 3.400883e+01 1.493209e-17
267            -9.938662e+03 9.594441e+04 5.790627e-15 -1.039471e+04 9.591042e+04 5.775624e-15 4.560512e+02 3.399124e+01 1.500272e-17
268            -9.939247e+03 9.595132e+04 5.792100e-15 -1.039571e+04 9.591731e+04 5.776785e-15 4.564590e+02 3.400551e+01 1.531457e-17
269            -9.939764e+03 9.595452e+04 5.791511e-15 -1.039608e+04 9.592053e+04 5.776123e-15 4.563163e+02 3.398819e+01 1.538793e-17
270            -9.940457e+03 9.596235e+04 5.792934e-15 -1.039716e+04 9.592834e+04 5.777282e-15 4.567069e+02 3.400172e+01 1.565205e-17
271            -9.941083e+03 9.596605e+04 5.792416e-15 -1.039765e+04 9.593207e+04 5.776674e-15 4.565691e+02 3.398465e+01 1.574150e-17
272            -9.941875e+03 9.597458e+04 5.793782e-15 -1.039882e+04 9.594058e+04 5.777821e-15 4.569429e+02 3.399711e+01 1.596083e-17
273            -9.942607e+03 9.597870e+04 5.793326e-15 -1.039942e+04 9.594472e+04 5.777265e-15 4.568088e+02 3.398085e+01 1.606075e-17
274            -9.943703e+03 9.599019e+04 5.794730e-15 -1.040087e+04 9.595620e+04 5.778491e-15 4.571657e+02 3.399211e+01 1.623966e-17
275            -9.944485e+03 9.599297e+04 5.794250e-15 -1.040152e+04 9.595900e+04 5.777923e-15 4.570349e+02 3.397660e+01 1.632705e-17
276            -9.945341e+03 9.600044e+04 5.795458e-15 -1.040272e+04 9.596645e+04 5.778951e-15 4.573770e+02 3.398682e+01 1.650762e-17
277            -9.946221e+03 9.600482e+04 5.795095e-15 -1.040347e+04 9.597085e+04 5.778498e-15 4.572508e+02 3.397134e+01 1.659615e-17
278            -9.947409e+03 9.601852e+04 5.796483e-15 -1.040498e+04 9.598454e+04 5.779769e-15 4.575760e+02 3.398065e+01 1.671391e-17
279            -9.948325e+03 9.602289e+04 5.796118e-15 -1.040578e+04 9.598892e+04 5.779315e-15 4.574514e+02 3.396629e+01 1.680311e-17
280            -9.949523e+03 9.603496e+04 5.797362e-15 -1.040728e+04 9.600098e+04 5.780452e-15 4.577607e+02 3.397496e+01 1.691026e-17
281            -9.950557e+03 9.603858e+04 5.796993e-15 -1.040820e+04 9.600462e+04 5.780006e-15 4.576390e+02 3.396078e+01 1.698710e-17
282            -9.951644e+03 9.604825e+04 5.798111e-15 -1.040958e+04 9.601428e+04 5.781040e-15 4.579345e+02 3.396816e+01 1.707102e-17
283            -9.952783e+03 9.605448e+04 5.797867e-15 -1.041060e+04 9.602053e+04 5.780713e-15 4.578156e+02 3.395433e+01 1.715402e-17
284            -9.954106e+03 9.606987e+04 5.799132e-15 -1.041220e+04 9.603591e+04 5.781941e-15 4.580953e+02 3.396137e+01 1.719117e-17
285            -9.955264e+03 9.607497e+04 5.798864e-15 -1.041324e+04 9.604102e+04 5.781592e-15 4.579765e+02 3.394873e+01 1.727215e-17
286            -9.956601e+03 9.608735e+04 5.799986e-15 -1.041484e+04 9.605339e+04 5.782687e-15 4.582421e+02 3.395499e+01 1.729923e-17
287            -9.957829e+03 9.609143e+04 5.799700e-15 -1.041595e+04 9.605749e+04 5.782341e-15 4.581250e+02 3.394223e+01 1.735952e-17
288            -9.959163e+03 9.610417e+04 5.800809e-15 -1.041754e+04 9.607022e+04 5.783435e-15 4.583773e+02 3.394745e+01 1.737377e-17
289            -9.960384e+03 9.610931e+04 5.800554e-15 -1.041864e+04 9.607538e+04 5.783130e-15 4.582606e+02 3.393538e+01 1.742414e-17
290            -9.961685e+03 9.612367e+04 5.801669e-15 -1.042018e+04 9.608973e+04 5.784247e-15 4.584994e+02 3.394043e+01 1.742170e-17
291            -9.962986e+03 9.612944e+04 5.801446e-15 -1.042137e+04 9.609551e+04 5.783987e-15 4.583826e+02 3.392911e+01 1.745925e-17
292            -9.964354e+03 9.614366e+04 5.802533e-15 -1.042296e+04 9.610973e+04 5.785092e-15 4.586083e+02 3.393351e+01 1.744113e-17
293            -9.965719e+03 9.614911e+04 5.802307e-15 -1.042421e+04 9.611519e+04 5.784841e-15 4.584910e+02 3.392240e+01 1.746646e-17
294            -9.967086e+03 9.616290e+04 5.803349e-15 -1.042579e+04 9.612898e+04 5.785912e-15 4.587042e+02 3.392619e+01 1.743661e-17
295            -9.968459e+03 9.616832e+04 5.803127e-15 -1.042705e+04 9.613441e+04 5.785678e-15 4.585868e+02 3.391545e+01 1.744914e-17
296            -9.969799e+03 9.618234e+04 5.804157e-15 -1.042859e+04 9.614842e+04 5.786748e-15 4.587886e+02 3.391893e+01 1.740945e-17
297            -9.971184e+03 9.618797e+04 5.803945e-15 -1.042985e+04 9.615406e+04 5.786537e-15 4.586705e+02 3.390874e+01 1.740791e-17
298            -9.972513e+03 9.620221e+04 5.804955e-15 -1.043137e+04 9.616830e+04 5.787595e-15 4.588616e+02 3.391181e+01 1.735955e-17
299            -9.973925e+03 9.620785e+04 5.804733e-15 -1.043267e+04 9.617394e+04 5.787389e-15 4.587426e+02 3.390191e+01 1.734434e-17
300            -9.975261e+03 9.622195e+04 5.805705e-15 -1.043418e+04 9.618804e+04 5.788416e-15 4.589236e+02 3.390453e+01 1.728884e-17
301            -9.976697e+03 9.622740e+04 5.805467e-15 -1.043550e+04 9.619351e+04 5.788206e-15 4.588033e+02 3.389496e+01 1.726183e-17
302            -9.978026e+03 9.624127e+04 5.806408e-15 -1.043700e+04 9.620737e+04 5.789208e-15 4.589748e+02 3.389726e+01 1.719997e-17
303            -9.979462e+03 9.624658e+04 5.806167e-15 -1.043832e+04 9.621269e+04 5.789006e-15 4.588532e+02 3.388807e+01 1.716097e-17
304            -9.980758e+03 9.626037e+04 5.807092e-15 -1.043977e+04 9.622647e+04 5.789999e-15 4.590158e+02 3.389009e+01 1.709293e-17
305            -9.982183e+03 9.626561e+04 5.806848e-15 -1.044108e+04 9.623173e+04 5.789806e-15 4.588927e+02 3.388122e+01 1.704228e-17
306            -9.983458e+03 9.627935e+04 5.807756e-15 -1.044250e+04 9.624546e+04 5.790787e-15 4.590469e+02 3.388298e+01 1.696896e-17
307            -9.984887e+03 9.628449e+04 5.807506e-15 -1.044381e+04 9.625062e+04 5.790598e-15 4.589221e+02 3.387442e+01 1.690787e-17
308            -9.986151e+03 9.629806e+04 5.808397e-15 -1.044522e+04 9.626419e+04 5.791567e-15 4.590683e+02 3.387599e+01 1.683026e-17
309            -9.987574e+03 9.630304e+04 5.808137e-15 -1.044652e+04 9.626917e+04 5.791378e-15 4.589415e+02 3.386775e+01 1.675960e-17
310            -9.988804e+03 9.631642e+04 5.809008e-15 -1.044788e+04 9.628255e+04 5.792330e-15 4.590803e+02 3.386918e+01 1.667827e-17
311            -9.990201e+03 9.632125e+04 5.808740e-15 -1.044915e+04 9.628739e+04 5.792141e-15 4.589515e+02 3.386124e+01 1.659875e-17
312            -9.991389e+03 9.633447e+04 5.809592e-15 -1.045047e+04 9.630060e+04 5.793078e-15 4.590834e+02 3.386253e+01 1.651425e-17
313            -9.992764e+03 9.633912e+04 5.809312e-15 -1.045172e+04 9.630526e+04 5.792885e-15 4.589527e+02 3.385487e+01 1.642700e-17
314            -9.993921e+03 9.635211e+04 5.810141e-15 -1.045300e+04 9.631826e+04 5.793801e-15 4.590782e+02 3.385605e+01 1.634003e-17
315            -9.995276e+03 9.635652e+04 5.809848e-15 -1.045422e+04 9.632267e+04 5.793602e-15 4.589456e+02 3.384865e+01 1.624593e-17
316            -9.996402e+03 9.636926e+04 5.810659e-15 -1.045547e+04 9.633541e+04 5.794502e-15 4.590652e+02 3.384976e+01 1.615680e-17
317            -9.997729e+03 9.637343e+04 5.810353e-15 -1.045666e+04 9.633959e+04 5.794297e-15 4.589306e+02 3.384260e+01 1.605674e-17
318            -9.998812e+03 9.638589e+04 5.811145e-15 -1.045786e+04 9.635205e+04 5.795179e-15 4.590448e+02 3.384365e+01 1.596592e-17
319            -1.000011e+04 9.638981e+04 5.810829e-15 -1.045902e+04 9.635597e+04 5.794968e-15 4.589084e+02 3.383672e+01 1.586065e-17
320            -1.000102e+04 9.639970e+04 5.811505e-15 -1.046004e+04 9.636586e+04 5.795735e-15 4.590180e+02 3.383766e+01 1.576986e-17
321            -1.000236e+04 9.640532e+04 5.811255e-15 -1.046124e+04 9.637149e+04 5.795594e-15 4.588800e+02 3.383084e+01 1.566147e-17
322            -1.000339e+04 9.641903e+04 5.812083e-15 -1.046238e+04 9.638520e+04 5.796516e-15 4.589845e+02 3.383201e+01 1.556704e-17
323            -1.000463e+04 9.642254e+04 5.811749e-15 -1.046347e+04 9.638871e+04 5.796294e-15 4.588439e+02 3.382577e+01 1.545491e-17
324            -1.000547e+04 9.643086e+04 5.812350e-15 -1.046442e+04 9.639703e+04 5.796988e-15 4.589447e+02 3.382676e+01 1.536125e-17
325            -1.000675e+04 9.643489e+04 5.812046e-15 -1.046555e+04 9.640107e+04 5.796800e-15 4.588032e+02 3.382017e+01 1.524612e-17
326            -1.000772e+04 9.644723e+04 5.812823e-15 -1.046662e+04 9.641341e+04 5.797671e-15 4.588999e+02 3.382116e+01 1.515236e-17
327            -1.000886e+04 9.645030e+04 5.812465e-15 -1.046762e+04 9.641649e+04 5.797430e-15 4.587560e+02 3.381526e+01 1.503475e-17
328            -1.000958e+04 9.645845e+04 5.813045e-15 -1.046843e+04 9.642464e+04 5.798104e-15 4.588497e+02 3.381648e+01 1.494111e-17
329            -1.001075e+04 9.646224e+04 5.812725e-15 -1.046945e+04 9.642843e+04 5.797903e-15 4.587050e+02 3.381044e+01 1.482148e-17
330            -1.001160e+04 9.647413e+04 5.813478e-15 -1.047040e+04 9.644032e+04 5.798749e-15 4.587956e+02 3.381162e+01 1.472842e-17
331            -1.001268e+04 9.647661e+04 5.813096e-15 -1.047133e+04 9.644281e+04 5.798488e-15 4.586488e+02 3.380602e+01 1.460835e-17
332            -1.001333e+04 9.648388e+04 5.813636e-15 -1.047206e+04 9.645007e+04 5.799118e-15 4.587370e+02 3.380726e+01 1.451714e-17
333            -1.001442e+04 9.648684e+04 5.813281e-15 -1.047301e+04 9.645304e+04 5.798885e-15 4.585895e+02 3.380148e+01 1.439642e-17
334            -1.001509e+04 9.649557e+04 5.813893e-15 -1.047376e+04 9.646176e+04 5.799586e-15 4.586754e+02 3.380270e+01 1.430723e-17
335            -1.001613e+04 9.649916e+04 5.813562e-15 -1.047466e+04 9.646537e+04 5.799374e-15 4.585263e+02 3.379733e+01 1.418801e-17
336            -1.001671e+04 9.650760e+04 5.814154e-15 -1.047532e+04 9.647380e+04 5.800057e-15 4.586101e+02 3.379893e+01 1.409712e-17
337            -1.001769e+04 9.651031e+04 5.813792e-15 -1.047615e+04 9.647652e+04 5.799813e-15 4.584599e+02 3.379373e+01 1.397809e-17
338            -1.001824e+04 9.651766e+04 5.814345e-15 -1.047678e+04 9.648387e+04 5.800455e-15 4.585422e+02 3.379525e+01 1.388984e-17
339            -1.001920e+04 9.651982e+04 5.813963e-15 -1.047759e+04 9.648603e+04 5.800191e-15 4.583910e+02 3.378999e+01 1.377267e-17
340            -1.001971e+04 9.652680e+04 5.814497e-15 -1.047818e+04 9.649301e+04 5.800810e-15 4.584720e+02 3.379158e+01 1.368697e-17
341            -1.002061e+04 9.652883e+04 5.814105e-15 -1.047893e+04 9.649504e+04 5.800535e-15 4.583198e+02 3.378653e+01 1.357041e-17
342            -1.002106e+04 9.653565e+04 5.814634e-15 -1.047946e+04 9.650186e+04 5.801147e-15 4.583999e+02 3.378834e+01 1.348639e-17
343            -1.002190e+04 9.653748e+04 5.814238e-15 -1.048015e+04 9.650369e+04 5.800867e-15 4.582468e+02 3.378344e+01 1.337104e-17
344            -1.002230e+04 9.654397e+04 5.814759e-15 -1.048062e+04 9.651018e+04 5.801470e-15 4.583263e+02 3.378537e+01 1.328944e-17
345            -1.002309e+04 9.654547e+04 5.814353e-15 -1.048127e+04 9.651169e+04 5.801177e-15 4.581724e+02 3.378053e+01 1.317659e-17
346            -1.002345e+04 9.655151e+04 5.814860e-15 -1.048170e+04 9.651772e+04 5.801763e-15 4.582515e+02 3.378256e+01 1.309776e-17
347            -1.002421e+04 9.655268e+04 5.814441e-15 -1.048231e+04 9.651890e+04 5.801454e-15 4.580968e+02 3.377780e+01 1.298740e-17
348            -1.002453e+04 9.655829e+04 5.814931e-15 -1.048271e+04 9.652451e+04 5.802020e-15 4.581758e+02 3.377999e+01 1.291116e-17
349            -1.002524e+04 9.655920e+04 5.814502e-15 -1.048327e+04 9.652543e+04 5.801699e-15 4.580203e+02 3.377532e+01 1.280310e-17
350            -1.002551e+04 9.656447e+04 5.814981e-15 -1.048361e+04 9.653069e+04 5.802252e-15 4.580995e+02 3.377766e+01 1.272958e-17
351            -1.002616e+04 9.656516e+04 5.814544e-15 -1.048411e+04 9.653139e+04 5.801919e-15 4.579432e+02 3.377306e+01 1.262422e-17
352            -1.002638e+04 9.657011e+04 5.815012e-15 -1.048440e+04 9.653634e+04 5.802459e-15 4.580229e+02 3.377559e+01 1.255376e-17
353            -1.002699e+04 9.657056e+04 5.814566e-15 -1.048486e+04 9.653679e+04 5.802114e-15 4.578660e+02 3.377105e+01 1.245151e-17
354            -1.002717e+04 9.657512e+04 5.815026e-15 -1.048511e+04 9.654135e+04 5.802642e-15 4.579464e+02 3.377374e+01 1.238398e-17
355            -1.002774e+04 9.657529e+04 5.814573e-15 -1.048553e+04 9.654152e+04 5.802288e-15 4.577888e+02 3.376922e+01 1.228494e-17
356            -1.002787e+04 9.657948e+04 5.815023e-15 -1.048574e+04 9.654571e+04 5.802803e-15 4.578702e+02 3.377210e+01 1.222044e-17
357            -1.002840e+04 9.657941e+04 5.814559e-15 -1.048611e+04 9.654564e+04 5.802434e-15 4.577119e+02 3.376760e+01 1.212490e-17
358            -1.002849e+04 9.658328e+04 5.814997e-15 -1.048629e+04 9.654951e+04 5.802934e-15 4.577945e+02 3.377069e+01 1.206345e-17
359            -1.002897e+04 9.658299e+04 5.814522e-15 -1.048661e+04 9.654923e+04 5.802551e-15 4.576356e+02 3.376620e+01 1.197159e-17
360            -1.002903e+04 9.658652e+04 5.814953e-15 -1.048675e+04 9.655275e+04 5.803040e-15 4.577198e+02 3.376949e+01 1.191311e-17
361            -1.002946e+04 9.658599e+04 5.814473e-15 -1.048702e+04 9.655222e+04 5.802648e-15 4.575601e+02 3.376498e+01 1.182491e-17
362            -1.002948e+04 9.658920e+04 5.814897e-15 -1.048713e+04 9.655543e+04 5.803127e-15 4.576461e+02 3.376848e+01 1.176949e-17
363            -1.002988e+04 9.658844e+04 5.814406e-15 -1.048736e+04 9.655468e+04 5.802721e-15 4.574856e+02 3.376394e+01 1.168525e-17
364            -1.002986e+04 9.659136e+04 5.814826e-15 -1.048744e+04 9.655759e+04 5.803194e-15 4.575738e+02 3.376768e+01 1.163268e-17
365            -1.003022e+04 9.659037e+04 5.814329e-15 -1.048763e+04 9.655661e+04 5.802777e-15 4.574124e+02 3.376308e+01 1.155257e-17
366            -1.003017e+04 9.659300e+04 5.814745e-15 -1.048767e+04 9.655923e+04 5.803243e-15 4.575030e+02 3.376707e+01 1.150265e-17
367            -1.003048e+04 9.659181e+04 5.814239e-15 -1.048782e+04 9.655805e+04 5.802812e-15 4.573406e+02 3.376240e+01 1.142696e-17
368            -1.003040e+04 9.659417e+04 5.814649e-15 -1.048784e+04 9.656041e+04 5.803269e-15 4.574338e+02 3.376665e+01 1.137966e-17
369            -1.003068e+04 9.659276e+04 5.814133e-15 -1.048795e+04 9.655900e+04 5.802824e-15 4.572703e+02 3.376188e+01 1.130855e-17
370            -1.003057e+04 9.659488e+04 5.814541e-15 -1.048794e+04 9.656111e+04 5.803278e-15 4.573665e+02 3.376641e+01 1.126363e-17
371            -1.003081e+04 9.659326e+04 5.814014e-15 -1.048801e+04 9.655950e+04 5.802817e-15 4.572018e+02 3.376150e+01 1.119734e-17
372            -1.003068e+04 9.659516e+04 5.814420e-15 -1.048798e+04 9.656139e+04 5.803265e-15 4.573013e+02 3.376633e+01 1.115467e-17
373            -1.003087e+04 9.659334e+04 5.813885e-15 -1.048801e+04 9.655958e+04 5.802792e-15 4.571352e+02 3.376126e+01 1.109328e-17
374            -1.003072e+04 9.659501e+04 5.814294e-15 -1.048795e+04 9.656125e+04 5.803242e-15 4.572384e+02 3.376641e+01 1.105239e-17
375            -1.003087e+04 9.659300e+04 5.813752e-15 -1.048794e+04 9.655924e+04 5.802756e-15 4.570705e+02 3.376115e+01 1.099613e-17
376            -1.003070e+04 9.659449e+04 5.814163e-15 -1.048788e+04 9.656072e+04 5.803206e-15 4.571777e+02 3.376665e+01 1.095680e-17
377            -1.003082e+04 9.659231e+04 5.813610e-15 -1.048783e+04 9.655855e+04 5.802703e-15 4.570079e+02 3.376117e+01 1.090604e-17
378            -1.003063e+04 9.659362e+04 5.814022e-15 -1.048775e+04 9.655985e+04 5.803154e-15 4.571194e+02 3.376704e+01 1.086804e-17
379            -1.003071e+04 9.659125e+04 5.813460e-15 -1.048766e+04 9.655749e+04 5.802637e-15 4.569474e+02 3.376132e+01 1.082294e-17
380            -1.003050e+04 9.659240e+04 5.813874e-15 -1.048757e+04 9.655863e+04 5.803088e-15 4.570636e+02 3.376759e+01 1.078604e-17
381            -1.003055e+04 9.658988e+04 5.813298e-15 -1.048744e+04 9.655612e+04 5.802552e-15 4.568890e+02 3.376157e+01 1.074690e-17
382            -1.003033e+04 9.659086e+04 5.813719e-15 -1.048734e+04 9.655709e+04 5.803008e-15 4.570104e+02 3.376827e+01 1.071066e-17
383            -1.003035e+04 9.658818e+04 5.813135e-15 -1.048718e+04 9.655442e+04 5.802457e-15 4.568330e+02 3.376191e+01 1.067749e-17
384            -1.003011e+04 9.658901e+04 5.813563e-15 -1.048707e+04 9.655524e+04 5.802921e-15 4.569599e+02 3.376909e+01 1.064156e-17
385            -1.003009e+04 9.658622e+04 5.812968e-15 -1.048687e+04 9.655246e+04 5.802354e-15 4.567792e+02 3.376235e+01 1.061460e-17
386            -1.002985e+04 9.658692e+04 5.813403e-15 -1.048676e+04 9.655315e+04 5.802824e-15 4.569121e+02 3.377003e+01 1.057882e-17
387            -1.002980e+04 9.658401e+04 5.812796e-15 -1.048653e+04 9.655025e+04 5.802238e-15 4.567277e+02 3.376287e+01 1.055834e-17
388            -1.002955e+04 9.658457e+04 5.813240e-15 -1.048642e+04 9.655080e+04 5.802717e-15 4.568670e+02 3.377109e+01 1.052233e-17
389            -1.002947e+04 9.658155e+04 5.812619e-15 -1.048615e+04 9.654779e+04 5.802111e-15 4.566785e+02 3.376346e+01 1.050852e-17
390            -1.002922e+04 9.658198e+04 5.813070e-15 -1.048604e+04 9.654820e+04 5.802598e-15 4.568248e+02 3.377227e+01 1.047219e-17
391            -1.002911e+04 9.657887e+04 5.812438e-15 -1.048574e+04 9.654510e+04 5.801973e-15 4.566318e+02 3.376412e+01 1.046492e-17
392            -1.002885e+04 9.657916e+04 5.812902e-15 -1.048564e+04 9.654539e+04 5.802474e-15 4.567855e+02 3.377355e+01 1.042790e-17
393            -1.002871e+04 9.657598e+04 5.812259e-15 -1.048530e+04 9.654221e+04 5.801831e-15 4.565874e+02 3.376483e+01 1.042716e-17
394            -1.002846e+04 9.657616e+04 5.812734e-15 -1.048521e+04 9.654238e+04 5.802345e-15 4.567489e+02 3.377492e+01 1.038936e-17
395            -1.002829e+04 9.657293e+04 5.812077e-15 -1.048484e+04 9.653917e+04 5.801681e-15 4.565453e+02 3.376560e+01 1.039522e-17
396            -1.002804e+04 9.657300e+04 5.812566e-15 -1.048476e+04 9.653923e+04 5.802210e-15 4.567151e+02 3.377640e+01 1.035664e-17
397            -1.002784e+04 9.656972e+04 5.811894e-15 -1.048435e+04 9.653596e+04 5.801525e-15 4.565056e+02 3.376643e+01 1.036892e-17
398            -1.002760e+04 9.656969e+04 5.812397e-15 -1.048428e+04 9.653592e+04 5.802067e-15 4.566841e+02 3.377795e+01 1.032961e-17
399            -1.002737e+04 9.656639e+04 5.811707e-15 -1.048384e+04 9.653262e+04 5.801359e-15 4.564682e+02 3.376729e+01 1.034810e-17
400            -1.002713e+04 9.656626e+04 5.812228e-15 -1.048379e+04 9.653248e+04 5.801919e-15 4.566558e+02 3.377960e+01 1.030832e-17
401            -1.002688e+04 9.656293e+04 5.811524e-15 -1.048332e+04 9.652916e+04 5.801192e-15 4.564333e+02 3.376819e+01 1.033215e-17
402            -1.002665e+04 9.656270e+04 5.812066e-15 -1.048328e+04 9.652892e+04 5.801773e-15 4.566302e+02 3.378128e+01 1.029217e-17
403            -1.002638e+04 9.655937e+04 5.811343e-15 -1.048278e+04 9.652560e+04 5.801022e-15 4.564007e+02 3.376913e+01 1.032091e-17
404            -1.002616e+04 9.655908e+04 5.811902e-15 -1.048277e+04 9.652529e+04 5.801621e-15 4.566071e+02 3.378302e+01 1.028130e-17
405            -1.002586e+04 9.655575e+04 5.811148e-15 -1.048224e+04 9.652198e+04 5.800845e-15 4.563709e+02 3.376990e+01 1.030260e-17
406            -1.002565e+04 9.655537e+04 5.811730e-15 -1.048224e+04 9.652159e+04 5.801468e-15 4.565870e+02 3.378457e+01 1.026224e-17
407            -1.002534e+04 9.655205e+04 5.810967e-15 -1.048168e+04 9.651828e+04 5.800668e-15 4.563431e+02 3.377091e+01 1.029897e-17
408            -1.002513e+04 9.655162e+04 5.811571e-15 -1.048170e+04 9.651783e+04 5.801311e-15 4.565689e+02 3.378635e+01 1.026012e-17
409            -1.002480e+04 9.654831e+04 5.810784e-15 -1.048112e+04 9.651454e+04 5.800486e-15 4.563178e+02 3.377194e+01 1.029874e-17
410            -1.002460e+04 9.654782e+04 5.811415e-15 -1.048116e+04 9.651403e+04 5.801152e-15 4.565529e+02 3.378812e+01 1.026265e-17
411            -1.002426e+04 9.654453e+04 5.810607e-15 -1.048056e+04 9.651076e+04 5.800306e-15 4.562949e+02 3.377300e+01 1.030158e-17
412            -1.002407e+04 9.654401e+04 5.811265e-15 -1.048061e+04 9.651022e+04 5.800995e-15 4.565391e+02 3.378989e+01 1.026986e-17
413            -1.002372e+04 9.654076e+04 5.810434e-15 -1.047999e+04 9.650698e+04 5.800127e-15 4.562744e+02 3.377412e+01 1.030751e-17
414            -1.002353e+04 9.654020e+04 5.811122e-15 -1.048006e+04 9.650641e+04 5.800840e-15 4.565272e+02 3.379165e+01 1.028162e-17
415            -1.002318e+04 9.653695e+04 5.810266e-15 -1.047943e+04 9.650318e+04 5.799949e-15 4.562564e+02 3.377527e+01 1.031606e-17
416            -1.002300e+04 9.653638e+04 5.810981e-15 -1.047951e+04 9.650259e+04 5.800684e-15 4.565171e+02 3.379338e+01 1.029763e-17
417            -1.002263e+04 9.653319e+04 5.810098e-15 -1.047887e+04 9.649941e+04 5.799771e-15 4.562408e+02 3.377646e+01 1.032713e-17
418            -1.002246e+04 9.653261e+04 5.810846e-15 -1.047897e+04 9.649882e+04 5.800528e-15 4.565089e+02 3.379507e+01 1.031771e-17
419            -1.002209e+04 9.652944e+04 5.809939e-15 -1.047832e+04 9.649567e+04 5.799598e-15 4.562279e+02 3.377740e+01 1.034142e-17
420            -1.002192e+04 9.652885e+04 5.810717e-15 -1.047842e+04 9.649506e+04 5.800375e-15 4.565024e+02 3.379647e+01 1.034233e-17
421            -1.002156e+04 9.652573e+04 5.809783e-15 -1.047777e+04 9.649195e+04 5.799426e-15 4.562171e+02 3.377864e+01 1.035653e-17
422            -1.002139e+04 9.652516e+04 5.810592e-15 -1.047789e+04 9.649136e+04 5.800223e-15 4.564973e+02 3.379803e+01 1.036938e-17
423            -1.002103e+04 9.652208e+04 5.809634e-15 -1.047723e+04 9.648830e+04 5.799261e-15 4.562086e+02 3.377988e+01 1.037360e-17
424            -1.002086e+04 9.652152e+04 5.810477e-15 -1.047735e+04 9.648772e+04 5.800076e-15 4.564946e+02 3.379939e+01 1.040091e-17
425            -1.002050e+04 9.651847e+04 5.809494e-15 -1.047670e+04 9.648469e+04 5.799100e-15 4.562030e+02 3.378101e+01 1.039385e-17
426            -1.002034e+04 9.651793e+04 5.810361e-15 -1.047683e+04 9.648413e+04 5.799929e-15 4.564917e+02 3.380100e+01 1.043194e-17
427            -1.001999e+04 9.651493e+04 5.809358e-15 -1.047619e+04 9.648114e+04 5.798943e-15 4.561989e+02 3.378227e+01 1.041454e-17
428            -1.001983e+04 9.651441e+04 5.810257e-15 -1.047632e+04 9.648061e+04 5.799788e-15 4.564918e+02 3.380223e+01 1.046830e-17
429            -1.001949e+04 9.651146e+04 5.809232e-15 -1.047569e+04 9.647768e+04 5.798795e-15 4.561968e+02 3.378355e+01 1.043673e-17
430            -1.001933e+04 9.651099e+04 5.810157e-15 -1.047583e+04 9.647719e+04 5.799652e-15 4.564924e+02 3.380357e+01 1.050467e-17
431            -1.001900e+04 9.650810e+04 5.809112e-15 -1.047520e+04 9.647432e+04 5.798651e-15 4.561965e+02 3.378482e+01 1.046056e-17
432            -1.001884e+04 9.650767e+04 5.810062e-15 -1.047534e+04 9.647386e+04 5.799519e-15 4.564942e+02 3.380485e+01 1.054253e-17
433            -1.001852e+04 9.650482e+04 5.809001e-15 -1.047472e+04 9.647103e+04 5.798515e-15 4.561981e+02 3.378608e+01 1.048601e-17
434            -1.001836e+04 9.650443e+04 5.809971e-15 -1.047486e+04 9.647062e+04 5.799390e-15 4.564973e+02 3.380607e+01 1.058158e-17
435            -1.001806e+04 9.650163e+04 5.808894e-15 -1.047426e+04 9.646785e+04 5.798381e-15 4.562014e+02 3.378732e+01 1.051315e-17
436            -1.001790e+04 9.650129e+04 5.809884e-15 -1.047440e+04 9.646748e+04 5.799263e-15 4.565017e+02 3.380724e+01 1.062152e-17
437            -1.001760e+04 9.649853e+04 5.808794e-15 -1.047381e+04 9.646475e+04 5.798253e-15 4.562062e+02 3.378854e+01 1.054165e-17
438            -1.001745e+04 9.649824e+04 5.809804e-15 -1.047396e+04 9.646443e+04 5.799142e-15 4.565071e+02 3.380836e+01 1.066186e-17
439            -1.001717e+04 9.649555e+04 5.808705e-15 -1.047338e+04 9.646176e+04 5.798133e-15 4.562125e+02 3.378972e+01 1.057132e-17
440            -1.001702e+04 9.649531e+04 5.809731e-15 -1.047354e+04 9.646150e+04 5.799028e-15 4.565136e+02 3.380942e+01 1.070254e-17
441            -1.001675e+04 9.649266e+04 5.808623e-15 -1.047297e+04 9.645887e+04 5.798021e-15 4.562201e+02 3.379088e+01 1.060235e-17
442            -1.001650e+04 9.649264e+04 5.809511e-15 -1.047302e+04 9.645883e+04 5.798758e-15 4.565213e+02 3.381017e+01 1.075236e-17
443            -1.001641e+04 9.649129e+04 5.808545e-15 -1.047264e+04 9.645750e+04 5.798074e-15 4.562240e+02 3.379132e+01 1.047082e-17
444            -1.001636e+04 9.649041e+04 5.809783e-15 -1.047289e+04 9.645660e+04 5.798899e-15 4.565299e+02 3.381214e+01 1.088422e-17
445            -1.001611e+04 9.648681e+04 5.808468e-15 -1.047235e+04 9.645302e+04 5.797814e-15 4.562397e+02 3.379388e+01 1.065440e-17
446            -1.001587e+04 9.648618e+04 5.809525e-15 -1.047241e+04 9.645237e+04 5.798672e-15 4.565377e+02 3.381211e+01 1.085385e-17
447            -1.001555e+04 9.648367e+04 5.808339e-15 -1.047180e+04 9.644988e+04 5.797645e-15 4.562501e+02 3.379389e+01 1.069360e-17
448            -1.001529e+04 9.648395e+04 5.809261e-15 -1.047184e+04 9.645014e+04 5.798378e-15 4.565491e+02 3.381264e+01 1.088317e-17
449            -1.001525e+04 9.648307e+04 5.808290e-15 -1.047151e+04 9.644928e+04 5.797719e-15 4.562576e+02 3.379461e+01 1.057071e-17
450            -1.001509e+04 9.648321e+04 5.809440e-15 -1.047165e+04 9.644940e+04 5.798411e-15 4.565596e+02 3.381470e+01 1.102934e-17
451            -1.001485e+04 9.648060e+04 5.808157e-15 -1.047112e+04 9.644680e+04 5.797536e-15 4.562689e+02 3.379600e+01 1.062071e-17
452            -1.001470e+04 9.648045e+04 5.809443e-15 -1.047126e+04 9.644664e+04 5.798506e-15 4.565627e+02 3.381416e+01 1.093690e-17
453            -1.001454e+04 9.647798e+04 5.808287e-15 -1.047082e+04 9.644418e+04 5.797544e-15 4.562834e+02 3.379660e+01 1.074375e-17
454            -1.001445e+04 9.647816e+04 5.809424e-15 -1.047102e+04 9.644434e+04 5.798449e-15 4.565764e+02 3.381472e+01 1.097539e-17
455            -1.001431e+04 9.647604e+04 5.808287e-15 -1.047061e+04 9.644224e+04 5.797472e-15 4.562970e+02 3.379743e+01 1.081515e-17
456            -1.001409e+04 9.647627e+04 5.809228e-15 -1.047068e+04 9.644245e+04 5.798197e-15 4.565905e+02 3.381525e+01 1.103019e-17
457            -1.001407e+04 9.647522e+04 5.808235e-15 -1.047038e+04 9.644142e+04 5.797538e-15 4.563072e+02 3.379780e+01 1.069677e-17
458            -1.001392e+04 9.647523e+04 5.809377e-15 -1.047052e+04 9.644141e+04 5.798198e-15 4.566031e+02 3.381694e+01 1.117898e-17
459            -1.001393e+04 9.647373e+04 5.808258e-15 -1.047025e+04 9.643993e+04 5.797501e-15 4.563210e+02 3.379904e+01 1.075762e-17
460            -1.001381e+04 9.647289e+04 5.809513e-15 -1.047043e+04 9.643908e+04 5.798261e-15 4.566148e+02 3.381661e+01 1.125133e-17
461            -1.001355e+04 9.646972e+04 5.808059e-15 -1.046990e+04 9.643592e+04 5.797155e-15 4.563417e+02 3.379952e+01 1.090394e-17
462            -1.001333e+04 9.646992e+04 5.809124e-15 -1.046995e+04 9.643610e+04 5.797966e-15 4.566276e+02 3.381658e+01 1.115744e-17
463            -1.001318e+04 9.646828e+04 5.807967e-15 -1.046954e+04 9.643448e+04 5.797007e-15 4.563567e+02 3.380040e+01 1.095957e-17
464            -1.001314e+04 9.646937e+04 5.809116e-15 -1.046978e+04 9.643555e+04 5.797936e-15 4.566422e+02 3.381814e+01 1.118007e-17
465            -1.001324e+04 9.646851e+04 5.808215e-15 -1.046961e+04 9.643471e+04 5.797224e-15 4.563716e+02 3.380194e+01 1.099152e-17
466            -1.001309e+04 9.646871e+04 5.809216e-15 -1.046975e+04 9.643489e+04 5.797850e-15 4.566600e+02 3.381904e+01 1.136575e-17
467            -1.001278e+04 9.646678e+04 5.807873e-15 -1.046916e+04 9.643298e+04 5.796955e-15 4.563856e+02 3.380080e+01 1.091784e-17
468            -1.001259e+04 9.646769e+04 5.809094e-15 -1.046926e+04 9.643387e+04 5.797875e-15 4.566687e+02 3.381784e+01 1.121932e-17
469            -1.001270e+04 9.646691e+04 5.808178e-15 -1.046910e+04 9.643311e+04 5.797159e-15 4.564031e+02 3.380288e+01 1.101911e-17
470            -1.001264e+04 9.646724e+04 5.809222e-15 -1.046933e+04 9.643342e+04 5.797795e-15 4.566876e+02 3.382052e+01 1.142645e-17
471            -1.001256e+04 9.646513e+04 5.807975e-15 -1.046898e+04 9.643133e+04 5.796986e-15 4.564158e+02 3.380301e+01 1.098941e-17
472            -1.001248e+04 9.646549e+04 5.809208e-15 -1.046917e+04 9.643167e+04 5.797922e-15 4.566953e+02 3.381922e+01 1.128520e-17
473            -1.001245e+04 9.646343e+04 5.808105e-15 -1.046888e+04 9.642963e+04 5.797021e-15 4.564331e+02 3.380331e+01 1.108449e-17
474            -1.001239e+04 9.646413e+04 5.809216e-15 -1.046910e+04 9.643031e+04 5.797890e-15 4.567108e+02 3.381951e+01 1.132613e-17
475            -1.001231e+04 9.646265e+04 5.808113e-15 -1.046876e+04 9.642884e+04 5.796966e-15 4.564488e+02 3.380341e+01 1.114717e-17
476            -1.001219e+04 9.646390e+04 5.809161e-15 -1.046892e+04 9.643008e+04 5.797818e-15 4.567255e+02 3.381992e+01 1.134343e-17
477            -1.001212e+04 9.646268e+04 5.808090e-15 -1.046858e+04 9.642888e+04 5.796916e-15 4.564646e+02 3.380414e+01 1.117400e-17
478            -1.001195e+04 9.646339e+04 5.809006e-15 -1.046869e+04 9.642957e+04 5.797623e-15 4.567407e+02 3.382026e+01 1.138366e-17
479            -1.001202e+04 9.646276e+04 5.808104e-15 -1.046850e+04 9.642896e+04 5.797043e-15 4.564755e+02 3.380382e+01 1.106120e-17
480            -1.001212e+04 9.646355e+04 5.809394e-15 -1.046888e+04 9.642973e+04 5.797894e-15 4.567553e+02 3.382090e+01 1.149917e-17
481            -1.001214e+04 9.646152e+04 5.808201e-15 -1.046863e+04 9.642771e+04 5.796970e-15 4.564957e+02 3.380467e+01 1.123077e-17
482            -1.001201e+04 9.646217e+04 5.809232e-15 -1.046878e+04 9.642835e+04 5.797786e-15 4.567676e+02 3.381992e+01 1.144602e-17
483            -1.001192e+04 9.646060e+04 5.808117e-15 -1.046843e+04 9.642679e+04 5.796859e-15 4.565098e+02 3.380412e+01 1.125773e-17
484            -1.001188e+04 9.646179e+04 5.809152e-15 -1.046866e+04 9.642797e+04 5.797701e-15 4.567822e+02 3.382046e+01 1.145066e-17
485            -1.001192e+04 9.646051e+04 5.808143e-15 -1.046844e+04 9.642671e+04 5.796842e-15 4.565247e+02 3.380502e+01 1.130103e-17
486            -1.001192e+04 9.646167e+04 5.809200e-15 -1.046872e+04 9.642785e+04 5.797723e-15 4.567955e+02 3.382099e+01 1.147698e-17
487            -1.001204e+04 9.646080e+04 5.808351e-15 -1.046857e+04 9.642699e+04 5.797042e-15 4.565382e+02 3.380522e+01 1.130857e-17
488            -1.001191e+04 9.646122e+04 5.809255e-15 -1.046872e+04 9.642740e+04 5.797621e-15 4.568127e+02 3.382111e+01 1.163370e-17
489            -1.001193e+04 9.646041e+04 5.808205e-15 -1.046848e+04 9.642661e+04 5.796968e-15 4.565515e+02 3.380432e+01 1.123730e-17
490            -1.001186e+04 9.646161e+04 5.809322e-15 -1.046868e+04 9.642778e+04 5.797692e-15 4.568256e+02 3.382099e+01 1.163077e-17
491            -1.001184e+04 9.646035e+04 5.808123e-15 -1.046841e+04 9.642654e+04 5.796759e-15 4.565712e+02 3.380589e+01 1.136418e-17
492            -1.001169e+04 9.646118e+04 5.809010e-15 -1.046853e+04 9.642736e+04 5.797428e-15 4.568376e+02 3.382117e+01 1.158179e-17
493            -1.001179e+04 9.646077e+04 5.808117e-15 -1.046837e+04 9.642696e+04 5.796869e-15 4.565791e+02 3.380546e+01 1.124830e-17
494            -1.001194e+04 9.646219e+04 5.809360e-15 -1.046879e+04 9.642837e+04 5.797713e-15 4.568492e+02 3.382192e+01 1.164735e-17
495            -1.001201e+04 9.646073e+04 5.808276e-15 -1.046861e+04 9.642692e+04 5.796869e-15 4.565956e+02 3.380607e+01 1.140674e-17
496            -1.001192e+04 9.646186e+04 5.809312e-15 -1.046878e+04 9.642804e+04 5.797720e-15 4.568585e+02 3.382058e+01 1.159185e-17
497            -1.001185e+04 9.646068e+04 5.808301e-15 -1.046846e+04 9.642687e+04 5.796885e-15 4.566069e+02 3.380516e+01 1.141519e-17
498            -1.001184e+04 9.646229e+04 5.809332e-15 -1.046871e+04 9.642847e+04 5.797751e-15 4.568707e+02 3.382097e+01 1.158077e-17
499            -1.001192e+04 9.646133e+04 5.808401e-15 -1.046854e+04 9.642752e+04 5.796953e-15 4.566193e+02 3.380601e+01 1.144868e-17
500            -1.001198e+04 9.646279e+04 5.809421e-15 -1.046886e+04 9.642897e+04 5.797821e-15 4.568819e+02 3.382140e+01 1.160040e-17
