# Moment      
# CofR        : (0.000000e+00 0.000000e+00 0.000000e+00)
#
# Time        	total_x total_y total_z	pressure_x pressure_y pressure_z	viscous_x viscous_y viscous_z
1              -4.232118e+04 8.017700e+03 1.563035e+05 -4.231307e+04 7.960922e+03 1.562849e+05 -8.112095e+00 5.677728e+01 1.857308e+01
2              -3.990192e+04 4.184861e+03 1.395764e+05 -3.990670e+04 4.139046e+03 1.395694e+05 4.782835e+00 4.581441e+01 6.998148e+00
3              -1.272604e+04 -1.428609e+03 3.040185e+04 -1.272330e+04 -1.466919e+03 3.037710e+04 -2.733107e+00 3.831016e+01 2.474991e+01
4              8.596369e+03 -1.942114e+03 -4.932351e+04 8.609118e+03 -1.963407e+03 -4.937735e+04 -1.274848e+01 2.129343e+01 5.384112e+01
5              9.349087e+03 -6.357407e+02 -4.464475e+04 9.369643e+03 -6.536488e+02 -4.472741e+04 -2.055677e+01 1.790809e+01 8.265813e+01
6              -3.146013e+03 2.136250e+01 1.178113e+04 -3.120619e+03 -1.577174e+01 1.168523e+04 -2.539414e+01 3.713424e+01 9.589331e+01
7              -1.414553e+04 -1.060859e+02 5.261810e+04 -1.412363e+04 -1.613553e+02 5.253819e+04 -2.190549e+01 5.526942e+01 7.991078e+01
8              -1.828849e+04 -1.101437e+02 6.099835e+04 -1.827655e+04 -1.731553e+02 6.094686e+04 -1.193526e+01 6.301166e+01 5.148725e+01
9              -1.658123e+04 1.702346e+02 4.676095e+04 -1.657395e+04 1.049721e+02 4.672685e+04 -7.280974e+00 6.526255e+01 3.410467e+01
10             -1.179423e+04 2.314113e+02 2.499268e+04 -1.178733e+04 1.640704e+02 2.496266e+04 -6.897328e+00 6.734089e+01 3.001283e+01
11             -8.035689e+03 -2.273729e+01 1.134709e+04 -8.028013e+03 -9.233280e+01 1.131549e+04 -7.675390e+00 6.959551e+01 3.159244e+01
12             -7.153569e+03 -2.751153e+02 1.072704e+04 -7.145150e+03 -3.469432e+02 1.069364e+04 -8.419168e+00 7.182789e+01 3.339810e+01
13             -8.487154e+03 -3.827406e+02 1.852002e+04 -8.478327e+03 -4.559503e+02 1.848815e+04 -8.826118e+00 7.320976e+01 3.187174e+01
14             -1.073180e+04 -3.626901e+02 2.850537e+04 -1.072272e+04 -4.370769e+02 2.847696e+04 -9.089454e+00 7.438679e+01 2.841498e+01
15             -1.251243e+04 -2.846770e+02 3.496326e+04 -1.250347e+04 -3.607735e+02 3.493918e+04 -8.962357e+00 7.609650e+01 2.408022e+01
16             -1.322040e+04 -1.885321e+02 3.593109e+04 -1.321177e+04 -2.662434e+02 3.591001e+04 -8.637389e+00 7.771131e+01 2.107600e+01
17             -1.280157e+04 -1.317165e+02 3.204117e+04 -1.279318e+04 -2.116499e+02 3.202181e+04 -8.393586e+00 7.993336e+01 1.935506e+01
18             -1.167986e+04 -1.980128e+02 2.609207e+04 -1.167173e+04 -2.792203e+02 2.607365e+04 -8.124506e+00 8.120750e+01 1.842093e+01
19             -1.062884e+04 -3.654292e+02 2.178684e+04 -1.062059e+04 -4.469952e+02 2.176786e+04 -8.251154e+00 8.156597e+01 1.897667e+01
20             -1.019793e+04 -5.457167e+02 2.118445e+04 -1.018963e+04 -6.267324e+02 2.116534e+04 -8.305765e+00 8.101570e+01 1.910921e+01
21             -1.066969e+04 -6.275991e+02 2.462117e+04 -1.066122e+04 -7.075099e+02 2.460187e+04 -8.472537e+00 7.991087e+01 1.930378e+01
22             -1.174154e+04 -5.725607e+02 2.977668e+04 -1.173319e+04 -6.518298e+02 2.975876e+04 -8.350473e+00 7.926909e+01 1.791296e+01
23             -1.271351e+04 -4.542775e+02 3.330955e+04 -1.270522e+04 -5.331584e+02 3.329294e+04 -8.283442e+00 7.888086e+01 1.660958e+01
24             -1.304775e+04 -3.620964e+02 3.332317e+04 -1.303969e+04 -4.411362e+02 3.330841e+04 -8.057324e+00 7.903978e+01 1.476178e+01
25             -1.256541e+04 -3.581532e+02 2.996028e+04 -1.255742e+04 -4.372672e+02 2.994623e+04 -7.990108e+00 7.911398e+01 1.404898e+01
26             -1.166476e+04 -4.441722e+02 2.569129e+04 -1.165688e+04 -5.229227e+02 2.567748e+04 -7.880246e+00 7.875044e+01 1.381133e+01
27             -1.096147e+04 -5.582023e+02 2.320069e+04 -1.095369e+04 -6.363409e+02 2.318675e+04 -7.779556e+00 7.813856e+01 1.393838e+01
28             -1.076254e+04 -6.518798e+02 2.338128e+04 -1.075478e+04 -7.290562e+02 2.336683e+04 -7.763965e+00 7.717646e+01 1.445410e+01
29             -1.116200e+04 -6.843165e+02 2.591700e+04 -1.115425e+04 -7.607859e+02 2.590254e+04 -7.747394e+00 7.646939e+01 1.445888e+01
30             -1.181788e+04 -6.557335e+02 2.877066e+04 -1.181004e+04 -7.318218e+02 2.875626e+04 -7.839040e+00 7.608832e+01 1.440468e+01
31             -1.220706e+04 -6.125928e+02 2.971252e+04 -1.219928e+04 -6.888750e+02 2.969918e+04 -7.785067e+00 7.628217e+01 1.333993e+01
32             -1.206562e+04 -5.977001e+02 2.794763e+04 -1.205803e+04 -6.746598e+02 2.793586e+04 -7.595676e+00 7.695969e+01 1.176850e+01
33             -1.134709e+04 -6.362358e+02 2.373583e+04 -1.133975e+04 -7.139944e+02 2.372546e+04 -7.333549e+00 7.775860e+01 1.036980e+01
34             -1.032635e+04 -7.217093e+02 1.867939e+04 -1.031933e+04 -8.002346e+02 1.867015e+04 -7.023217e+00 7.852534e+01 9.231646e+00
35             -9.461020e+03 -8.164944e+02 1.482112e+04 -9.454153e+03 -8.955821e+02 1.481202e+04 -6.867372e+00 7.908769e+01 9.104941e+00
36             -9.004674e+03 -8.875163e+02 1.303437e+04 -8.997824e+03 -9.669196e+02 1.302481e+04 -6.850236e+00 7.940322e+01 9.554996e+00
37             -8.957599e+03 -9.216064e+02 1.301370e+04 -8.950717e+03 -1.001366e+03 1.300386e+04 -6.881994e+00 7.975945e+01 9.847102e+00
38             -9.175204e+03 -9.255298e+02 1.389878e+04 -9.168299e+03 -1.005659e+03 1.388901e+04 -6.905227e+00 8.012914e+01 9.773309e+00
39             -9.432752e+03 -9.211093e+02 1.464845e+04 -9.425952e+03 -1.001740e+03 1.463959e+04 -6.800444e+00 8.063089e+01 8.860302e+00
40             -9.546146e+03 -9.289456e+02 1.457454e+04 -9.539507e+03 -1.010109e+03 1.456682e+04 -6.638532e+00 8.116342e+01 7.722150e+00
41             -9.484140e+03 -9.551826e+02 1.374029e+04 -9.477652e+03 -1.036712e+03 1.373342e+04 -6.487502e+00 8.152958e+01 6.873419e+00
42             -9.334717e+03 -9.911320e+02 1.270293e+04 -9.328333e+03 -1.072874e+03 1.269647e+04 -6.383943e+00 8.174169e+01 6.455164e+00
43             -9.248305e+03 -1.020013e+03 1.219049e+04 -9.241976e+03 -1.101802e+03 1.218418e+04 -6.328995e+00 8.178810e+01 6.309231e+00
44             -9.328083e+03 -1.031427e+03 1.258679e+04 -9.321768e+03 -1.113154e+03 1.258052e+04 -6.314872e+00 8.172753e+01 6.272214e+00
45             -9.585030e+03 -1.026727e+03 1.379704e+04 -9.578675e+03 -1.108355e+03 1.379067e+04 -6.355405e+00 8.162800e+01 6.368954e+00
46             -9.982414e+03 -1.013848e+03 1.553348e+04 -9.976022e+03 -1.095410e+03 1.552719e+04 -6.391955e+00 8.156152e+01 6.288985e+00
47             -1.040342e+04 -1.003856e+03 1.725099e+04 -1.039701e+04 -1.085420e+03 1.724498e+04 -6.410435e+00 8.156391e+01 6.013944e+00
48             -1.074079e+04 -1.002600e+03 1.853172e+04 -1.073438e+04 -1.084198e+03 1.852605e+04 -6.412913e+00 8.159736e+01 5.674604e+00
49             -1.098470e+04 -1.007822e+03 1.940213e+04 -1.097831e+04 -1.089505e+03 1.939685e+04 -6.390743e+00 8.168272e+01 5.275232e+00
50             -1.118058e+04 -1.014268e+03 2.009111e+04 -1.117423e+04 -1.096100e+03 2.008625e+04 -6.355449e+00 8.183193e+01 4.856799e+00
51             -1.135670e+04 -1.018464e+03 2.071105e+04 -1.135038e+04 -1.100508e+03 2.070662e+04 -6.319829e+00 8.204454e+01 4.426543e+00
52             -1.151691e+04 -1.021604e+03 2.124370e+04 -1.151063e+04 -1.103931e+03 2.123974e+04 -6.286222e+00 8.232687e+01 3.954688e+00
53             -1.166310e+04 -1.026521e+03 2.167188e+04 -1.165684e+04 -1.109178e+03 2.166837e+04 -6.265237e+00 8.265743e+01 3.517758e+00
54             -1.178681e+04 -1.035335e+03 2.195436e+04 -1.178056e+04 -1.118325e+03 2.195127e+04 -6.246479e+00 8.298982e+01 3.091504e+00
55             -1.187423e+04 -1.048113e+03 2.205311e+04 -1.186800e+04 -1.131412e+03 2.205042e+04 -6.225372e+00 8.329922e+01 2.687105e+00
56             -1.193234e+04 -1.062839e+03 2.202906e+04 -1.192614e+04 -1.146383e+03 2.202669e+04 -6.207176e+00 8.354350e+01 2.363861e+00
57             -1.198074e+04 -1.077650e+03 2.198182e+04 -1.197455e+04 -1.161384e+03 2.197972e+04 -6.190548e+00 8.373359e+01 2.103432e+00
58             -1.203571e+04 -1.091385e+03 2.199391e+04 -1.202953e+04 -1.175273e+03 2.199203e+04 -6.176251e+00 8.388756e+01 1.883273e+00
59             -1.210337e+04 -1.103854e+03 2.210499e+04 -1.209721e+04 -1.187870e+03 2.210330e+04 -6.165937e+00 8.401597e+01 1.694704e+00
60             -1.218441e+04 -1.115654e+03 2.231261e+04 -1.217826e+04 -1.199778e+03 2.231111e+04 -6.154300e+00 8.412452e+01 1.504248e+00
61             -1.228072e+04 -1.127122e+03 2.260473e+04 -1.227458e+04 -1.211334e+03 2.260344e+04 -6.136201e+00 8.421109e+01 1.285510e+00
62             -1.239167e+04 -1.138064e+03 2.295667e+04 -1.238556e+04 -1.222335e+03 2.295563e+04 -6.112019e+00 8.427187e+01 1.040908e+00
63             -1.250829e+04 -1.148145e+03 2.331365e+04 -1.250220e+04 -1.232451e+03 2.331286e+04 -6.085556e+00 8.430522e+01 7.904037e-01
64             -1.262013e+04 -1.157518e+03 2.363011e+04 -1.261407e+04 -1.241834e+03 2.362955e+04 -6.059875e+00 8.431612e+01 5.539664e-01
65             -1.271679e+04 -1.166958e+03 2.387466e+04 -1.271075e+04 -1.251263e+03 2.387433e+04 -6.034343e+00 8.430464e+01 3.333649e-01
66             -1.279419e+04 -1.177138e+03 2.404863e+04 -1.278818e+04 -1.261415e+03 2.404849e+04 -6.009866e+00 8.427660e+01 1.396398e-01
67             -1.285918e+04 -1.188353e+03 2.418859e+04 -1.285320e+04 -1.272574e+03 2.418862e+04 -5.982265e+00 8.422094e+01 -3.230635e-02
68             -1.292339e+04 -1.200253e+03 2.433791e+04 -1.291743e+04 -1.284397e+03 2.433808e+04 -5.954770e+00 8.414349e+01 -1.731873e-01
69             -1.299288e+04 -1.211890e+03 2.451180e+04 -1.298696e+04 -1.295926e+03 2.451209e+04 -5.928119e+00 8.403560e+01 -2.939677e-01
70             -1.306788e+04 -1.222096e+03 2.470414e+04 -1.306198e+04 -1.306010e+03 2.470454e+04 -5.903822e+00 8.391400e+01 -3.955599e-01
71             -1.314398e+04 -1.230793e+03 2.489338e+04 -1.313810e+04 -1.314569e+03 2.489387e+04 -5.879019e+00 8.377617e+01 -4.932783e-01
72             -1.321870e+04 -1.238712e+03 2.507095e+04 -1.321284e+04 -1.322352e+03 2.507153e+04 -5.853561e+00 8.364003e+01 -5.833114e-01
73             -1.328635e+04 -1.247128e+03 2.522027e+04 -1.328052e+04 -1.330622e+03 2.522094e+04 -5.826095e+00 8.349408e+01 -6.692933e-01
74             -1.334348e+04 -1.256919e+03 2.533685e+04 -1.333768e+04 -1.340266e+03 2.533759e+04 -5.798775e+00 8.334658e+01 -7.380151e-01
75             -1.339387e+04 -1.267965e+03 2.543770e+04 -1.338810e+04 -1.351143e+03 2.543849e+04 -5.771118e+00 8.317812e+01 -7.927494e-01
76             -1.344533e+04 -1.279048e+03 2.555176e+04 -1.343959e+04 -1.362048e+03 2.555258e+04 -5.745550e+00 8.299955e+01 -8.273627e-01
77             -1.350149e+04 -1.288978e+03 2.568789e+04 -1.349577e+04 -1.371779e+03 2.568875e+04 -5.721143e+00 8.280130e+01 -8.543462e-01
78             -1.356424e+04 -1.297201e+03 2.584855e+04 -1.355854e+04 -1.379804e+03 2.584942e+04 -5.698917e+00 8.260296e+01 -8.720064e-01
79             -1.363094e+04 -1.304178e+03 2.601922e+04 -1.362526e+04 -1.386576e+03 2.602011e+04 -5.676693e+00 8.239813e+01 -8.906308e-01
80             -1.369275e+04 -1.311124e+03 2.616868e+04 -1.368710e+04 -1.393326e+03 2.616958e+04 -5.654900e+00 8.220189e+01 -9.033132e-01
81             -1.374331e+04 -1.319245e+03 2.627631e+04 -1.373768e+04 -1.401243e+03 2.627723e+04 -5.631480e+00 8.199877e+01 -9.137447e-01
82             -1.378595e+04 -1.328561e+03 2.635882e+04 -1.378035e+04 -1.410356e+03 2.635973e+04 -5.607990e+00 8.179522e+01 -9.117196e-01
83             -1.382648e+04 -1.338370e+03 2.643762e+04 -1.382090e+04 -1.419947e+03 2.643852e+04 -5.584653e+00 8.157655e+01 -9.014370e-01
84             -1.387100e+04 -1.347737e+03 2.653261e+04 -1.386544e+04 -1.429093e+03 2.653349e+04 -5.563990e+00 8.135528e+01 -8.776603e-01
85             -1.391846e+04 -1.355912e+03 2.663720e+04 -1.391292e+04 -1.437036e+03 2.663805e+04 -5.544897e+00 8.112391e+01 -8.501725e-01
86             -1.396832e+04 -1.362761e+03 2.674823e+04 -1.396280e+04 -1.443661e+03 2.674905e+04 -5.527210e+00 8.089922e+01 -8.171765e-01
87             -1.400866e+04 -1.369375e+03 2.682540e+04 -1.400315e+04 -1.450047e+03 2.682619e+04 -5.508070e+00 8.067245e+01 -7.864060e-01
88             -1.404473e+04 -1.376263e+03 2.688946e+04 -1.403925e+04 -1.456717e+03 2.689021e+04 -5.488157e+00 8.045342e+01 -7.505154e-01
89             -1.407793e+04 -1.383803e+03 2.694657e+04 -1.407247e+04 -1.464031e+03 2.694728e+04 -5.467418e+00 8.022710e+01 -7.113453e-01
90             -1.411309e+04 -1.391878e+03 2.701303e+04 -1.410764e+04 -1.471880e+03 2.701369e+04 -5.448472e+00 8.000141e+01 -6.611413e-01
91             -1.415142e+04 -1.400124e+03 2.709044e+04 -1.414599e+04 -1.479889e+03 2.709105e+04 -5.431000e+00 7.976491e+01 -6.072978e-01
92             -1.419072e+04 -1.407723e+03 2.717175e+04 -1.418530e+04 -1.487254e+03 2.717230e+04 -5.415532e+00 7.953085e+01 -5.475352e-01
93             -1.422267e+04 -1.414413e+03 2.722905e+04 -1.421727e+04 -1.493705e+03 2.722954e+04 -5.399063e+00 7.929159e+01 -4.906023e-01
94             -1.425276e+04 -1.420382e+03 2.728243e+04 -1.424738e+04 -1.499443e+03 2.728286e+04 -5.381965e+00 7.906087e+01 -4.304100e-01
95             -1.428285e+04 -1.426154e+03 2.733707e+04 -1.427748e+04 -1.504981e+03 2.733744e+04 -5.363848e+00 7.882712e+01 -3.702460e-01
96             -1.431423e+04 -1.432145e+03 2.739700e+04 -1.430888e+04 -1.510745e+03 2.739731e+04 -5.347248e+00 7.859998e+01 -3.021535e-01
97             -1.434479e+04 -1.438592e+03 2.745402e+04 -1.433946e+04 -1.516958e+03 2.745425e+04 -5.331545e+00 7.836582e+01 -2.323742e-01
98             -1.437374e+04 -1.445253e+03 2.750660e+04 -1.436842e+04 -1.523388e+03 2.750676e+04 -5.317258e+00 7.813555e+01 -1.570585e-01
99             -1.440038e+04 -1.451769e+03 2.755221e+04 -1.439508e+04 -1.529667e+03 2.755229e+04 -5.302368e+00 7.789776e+01 -8.401040e-02
100            -1.442540e+04 -1.457684e+03 2.759459e+04 -1.442011e+04 -1.535351e+03 2.759460e+04 -5.287747e+00 7.766660e+01 -7.282925e-03
101            -1.444913e+04 -1.462997e+03 2.763390e+04 -1.444386e+04 -1.540429e+03 2.763383e+04 -5.272431e+00 7.743142e+01 6.773956e-02
102            -1.447337e+04 -1.467890e+03 2.767630e+04 -1.446812e+04 -1.545096e+03 2.767615e+04 -5.258152e+00 7.720571e+01 1.483803e-01
103            -1.449774e+04 -1.472756e+03 2.771889e+04 -1.449249e+04 -1.549732e+03 2.771866e+04 -5.243943e+00 7.697572e+01 2.280707e-01
104            -1.452102e+04 -1.477715e+03 2.775903e+04 -1.451579e+04 -1.554469e+03 2.775872e+04 -5.230936e+00 7.675390e+01 3.125097e-01
105            -1.454141e+04 -1.482793e+03 2.779048e+04 -1.453619e+04 -1.559318e+03 2.779009e+04 -5.217343e+00 7.652568e+01 3.942269e-01
106            -1.456067e+04 -1.487752e+03 2.782060e+04 -1.455547e+04 -1.564057e+03 2.782012e+04 -5.204246e+00 7.630512e+01 4.797942e-01
107            -1.457993e+04 -1.492518e+03 2.785140e+04 -1.457474e+04 -1.568596e+03 2.785084e+04 -5.190561e+00 7.607851e+01 5.626339e-01
108            -1.459946e+04 -1.496856e+03 2.788464e+04 -1.459428e+04 -1.572718e+03 2.788399e+04 -5.178021e+00 7.586155e+01 6.497956e-01
109            -1.461744e+04 -1.500859e+03 2.791304e+04 -1.461228e+04 -1.576499e+03 2.791230e+04 -5.165167e+00 7.564024e+01 7.339758e-01
110            -1.463442e+04 -1.504611e+03 2.793962e+04 -1.462926e+04 -1.580041e+03 2.793880e+04 -5.153052e+00 7.542972e+01 8.217850e-01
111            -1.465028e+04 -1.508344e+03 2.796279e+04 -1.464514e+04 -1.583558e+03 2.796188e+04 -5.140140e+00 7.521403e+01 9.060740e-01
112            -1.466674e+04 -1.512014e+03 2.798945e+04 -1.466161e+04 -1.587022e+03 2.798845e+04 -5.128037e+00 7.500815e+01 9.942279e-01
113            -1.467979e+04 -1.515600e+03 2.800564e+04 -1.467468e+04 -1.590396e+03 2.800456e+04 -5.115312e+00 7.479612e+01 1.079102e+00
114            -1.469329e+04 -1.519020e+03 2.802509e+04 -1.468818e+04 -1.593615e+03 2.802392e+04 -5.103486e+00 7.459437e+01 1.168021e+00
115            -1.470763e+04 -1.522278e+03 2.804795e+04 -1.470254e+04 -1.596665e+03 2.804669e+04 -5.091168e+00 7.438700e+01 1.253192e+00
116            -1.472082e+04 -1.525227e+03 2.806855e+04 -1.471574e+04 -1.599419e+03 2.806721e+04 -5.079662e+00 7.419143e+01 1.341200e+00
117            -1.473111e+04 -1.528002e+03 2.807980e+04 -1.472604e+04 -1.601993e+03 2.807838e+04 -5.067228e+00 7.399046e+01 1.424861e+00
118            -1.474161e+04 -1.530593e+03 2.809324e+04 -1.473656e+04 -1.604394e+03 2.809173e+04 -5.055355e+00 7.380160e+01 1.511866e+00
119            -1.475264e+04 -1.533127e+03 2.810836e+04 -1.474760e+04 -1.606733e+03 2.810677e+04 -5.042748e+00 7.360649e+01 1.595046e+00
120            -1.476309e+04 -1.535492e+03 2.812317e+04 -1.475806e+04 -1.608915e+03 2.812148e+04 -5.031168e+00 7.342372e+01 1.681627e+00
121            -1.477170e+04 -1.537781e+03 2.813232e+04 -1.476668e+04 -1.611014e+03 2.813055e+04 -5.019996e+00 7.323328e+01 1.764986e+00
122            -1.477982e+04 -1.539911e+03 2.814190e+04 -1.477481e+04 -1.612967e+03 2.814004e+04 -5.010540e+00 7.305556e+01 1.852086e+00
123            -1.478713e+04 -1.541965e+03 2.814912e+04 -1.478213e+04 -1.614835e+03 2.814719e+04 -5.001680e+00 7.286960e+01 1.935885e+00
124            -1.479470e+04 -1.543790e+03 2.815894e+04 -1.478970e+04 -1.616487e+03 2.815692e+04 -4.994453e+00 7.269739e+01 2.023021e+00
125            -1.480084e+04 -1.545497e+03 2.816383e+04 -1.479585e+04 -1.618014e+03 2.816172e+04 -4.986833e+00 7.251683e+01 2.105798e+00
126            -1.480775e+04 -1.546977e+03 2.817284e+04 -1.480277e+04 -1.619329e+03 2.817065e+04 -4.980281e+00 7.235199e+01 2.191263e+00
127            -1.481345e+04 -1.548388e+03 2.817756e+04 -1.480848e+04 -1.620566e+03 2.817528e+04 -4.973859e+00 7.217783e+01 2.272687e+00
128            -1.481890e+04 -1.549648e+03 2.818310e+04 -1.481393e+04 -1.621667e+03 2.818074e+04 -4.968753e+00 7.201973e+01 2.357199e+00
129            -1.482295e+04 -1.550925e+03 2.818399e+04 -1.481799e+04 -1.622777e+03 2.818155e+04 -4.963248e+00 7.185152e+01 2.437749e+00
130            -1.482676e+04 -1.552061e+03 2.818587e+04 -1.482181e+04 -1.623761e+03 2.818335e+04 -4.958961e+00 7.170014e+01 2.521269e+00
131            -1.482999e+04 -1.553166e+03 2.818599e+04 -1.482504e+04 -1.624704e+03 2.818339e+04 -4.954164e+00 7.153812e+01 2.600690e+00
132            -1.483363e+04 -1.554038e+03 2.818924e+04 -1.482868e+04 -1.625432e+03 2.818656e+04 -4.950369e+00 7.139345e+01 2.682507e+00
133            -1.483638e+04 -1.554799e+03 2.818919e+04 -1.483143e+04 -1.626037e+03 2.818643e+04 -4.946025e+00 7.123817e+01 2.759819e+00
134            -1.483910e+04 -1.555370e+03 2.819039e+04 -1.483416e+04 -1.626471e+03 2.818755e+04 -4.942646e+00 7.110062e+01 2.839443e+00
135            -1.484073e+04 -1.555898e+03 2.818795e+04 -1.483579e+04 -1.626850e+03 2.818503e+04 -4.939333e+00 7.095192e+01 2.915468e+00
136            -1.484245e+04 -1.556349e+03 2.818735e+04 -1.483752e+04 -1.627170e+03 2.818435e+04 -4.937979e+00 7.082058e+01 2.994775e+00
137            -1.484316e+04 -1.556862e+03 2.818298e+04 -1.483823e+04 -1.627540e+03 2.817991e+04 -4.936589e+00 7.067726e+01 3.070762e+00
138            -1.484418e+04 -1.557245e+03 2.818140e+04 -1.483924e+04 -1.627796e+03 2.817825e+04 -4.936249e+00 7.055078e+01 3.149315e+00
139            -1.484420e+04 -1.557583e+03 2.817607e+04 -1.483927e+04 -1.627996e+03 2.817284e+04 -4.935059e+00 7.041241e+01 3.223688e+00
140            -1.484462e+04 -1.557707e+03 2.817386e+04 -1.483968e+04 -1.627998e+03 2.817056e+04 -4.934632e+00 7.029149e+01 3.300120e+00
141            -1.484415e+04 -1.557771e+03 2.816821e+04 -1.483922e+04 -1.627930e+03 2.816484e+04 -4.933412e+00 7.015932e+01 3.372364e+00
142            -1.484404e+04 -1.557672e+03 2.816518e+04 -1.483910e+04 -1.627718e+03 2.816173e+04 -4.933087e+00 7.004538e+01 3.446558e+00
143            -1.484291e+04 -1.557623e+03 2.815819e+04 -1.483797e+04 -1.627543e+03 2.815467e+04 -4.932048e+00 6.991969e+01 3.517017e+00
144            -1.484207e+04 -1.557512e+03 2.815362e+04 -1.483714e+04 -1.627324e+03 2.815003e+04 -4.931873e+00 6.981205e+01 3.589357e+00
145            -1.484023e+04 -1.557460e+03 2.814527e+04 -1.483530e+04 -1.627151e+03 2.814161e+04 -4.931062e+00 6.969176e+01 3.658233e+00
146            -1.483881e+04 -1.557277e+03 2.813969e+04 -1.483388e+04 -1.626866e+03 2.813596e+04 -4.931162e+00 6.958966e+01 3.728770e+00
147            -1.483627e+04 -1.557061e+03 2.813005e+04 -1.483134e+04 -1.626536e+03 2.812625e+04 -4.930650e+00 6.947454e+01 3.795954e+00
148            -1.483433e+04 -1.556672e+03 2.812368e+04 -1.482940e+04 -1.626050e+03 2.811982e+04 -4.930935e+00 6.937853e+01 3.864326e+00
149            -1.483144e+04 -1.556270e+03 2.811365e+04 -1.482651e+04 -1.625539e+03 2.810972e+04 -4.930550e+00 6.926903e+01 3.929434e+00
150            -1.482904e+04 -1.555757e+03 2.810662e+04 -1.482411e+04 -1.624936e+03 2.810262e+04 -4.930989e+00 6.917904e+01 3.995788e+00
151            -1.482578e+04 -1.555318e+03 2.809597e+04 -1.482084e+04 -1.624393e+03 2.809191e+04 -4.930828e+00 6.907491e+01 4.059129e+00
152            -1.482290e+04 -1.554796e+03 2.808795e+04 -1.481797e+04 -1.623787e+03 2.808383e+04 -4.931523e+00 6.899072e+01 4.123510e+00
153            -1.481904e+04 -1.554333e+03 2.807596e+04 -1.481411e+04 -1.623224e+03 2.807178e+04 -4.931597e+00 6.889132e+01 4.185026e+00
154            -1.481571e+04 -1.553749e+03 2.806728e+04 -1.481078e+04 -1.622562e+03 2.806303e+04 -4.932477e+00 6.881269e+01 4.247153e+00
155            -1.481156e+04 -1.553198e+03 2.805505e+04 -1.480663e+04 -1.621916e+03 2.805074e+04 -4.932774e+00 6.871788e+01 4.306728e+00
156            -1.480788e+04 -1.552505e+03 2.804574e+04 -1.480294e+04 -1.621150e+03 2.804138e+04 -4.933889e+00 6.864479e+01 4.366710e+00
157            -1.480315e+04 -1.551836e+03 2.803207e+04 -1.479821e+04 -1.620391e+03 2.802765e+04 -4.934409e+00 6.855470e+01 4.424453e+00
158            -1.479905e+04 -1.551040e+03 2.802203e+04 -1.479411e+04 -1.619527e+03 2.801755e+04 -4.935683e+00 6.848720e+01 4.482260e+00
159            -1.479424e+04 -1.550326e+03 2.800877e+04 -1.478930e+04 -1.618728e+03 2.800424e+04 -4.936388e+00 6.840193e+01 4.538037e+00
160            -1.479019e+04 -1.549532e+03 2.799937e+04 -1.478525e+04 -1.617872e+03 2.799478e+04 -4.937892e+00 6.833950e+01 4.593670e+00
161            -1.478512e+04 -1.548830e+03 2.798550e+04 -1.478018e+04 -1.617089e+03 2.798085e+04 -4.938867e+00 6.825867e+01 4.647532e+00
162            -1.478047e+04 -1.548024e+03 2.797433e+04 -1.477553e+04 -1.616225e+03 2.796963e+04 -4.940556e+00 6.820090e+01 4.700955e+00
163            -1.477482e+04 -1.547274e+03 2.795896e+04 -1.476988e+04 -1.615398e+03 2.795420e+04 -4.941671e+00 6.812456e+01 4.752787e+00
164            -1.476993e+04 -1.546394e+03 2.794755e+04 -1.476498e+04 -1.614465e+03 2.794274e+04 -4.943481e+00 6.807150e+01 4.803980e+00
165            -1.476424e+04 -1.545568e+03 2.793254e+04 -1.475929e+04 -1.613568e+03 2.792768e+04 -4.944797e+00 6.799969e+01 4.853885e+00
166            -1.475926e+04 -1.544633e+03 2.792119e+04 -1.475431e+04 -1.612584e+03 2.791629e+04 -4.946809e+00 6.795130e+01 4.902908e+00
167            -1.475337e+04 -1.543782e+03 2.790582e+04 -1.474843e+04 -1.611666e+03 2.790087e+04 -4.948315e+00 6.788386e+01 4.950823e+00
168            -1.474818e+04 -1.542850e+03 2.789403e+04 -1.474323e+04 -1.610690e+03 2.788904e+04 -4.950449e+00 6.783999e+01 4.997490e+00
169            -1.474212e+04 -1.542008e+03 2.787830e+04 -1.473717e+04 -1.609785e+03 2.787326e+04 -4.952084e+00 6.777662e+01 5.043365e+00
170            -1.473678e+04 -1.541075e+03 2.786627e+04 -1.473182e+04 -1.608812e+03 2.786118e+04 -4.954346e+00 6.773712e+01 5.087723e+00
171            -1.473055e+04 -1.540213e+03 2.785025e+04 -1.472559e+04 -1.607890e+03 2.784512e+04 -4.956138e+00 6.767759e+01 5.131692e+00
172            -1.472505e+04 -1.539247e+03 2.783794e+04 -1.472009e+04 -1.606890e+03 2.783277e+04 -4.958538e+00 6.764258e+01 5.173703e+00
173            -1.471871e+04 -1.538354e+03 2.782180e+04 -1.471375e+04 -1.605940e+03 2.781659e+04 -4.960447e+00 6.758671e+01 5.215751e+00
174            -1.471314e+04 -1.537371e+03 2.780942e+04 -1.470818e+04 -1.604927e+03 2.780416e+04 -4.962952e+00 6.755631e+01 5.255269e+00
175            -1.470671e+04 -1.536467e+03 2.779313e+04 -1.470175e+04 -1.603971e+03 2.778783e+04 -4.964947e+00 6.750371e+01 5.295489e+00
176            -1.470100e+04 -1.535489e+03 2.778041e+04 -1.469603e+04 -1.602967e+03 2.777508e+04 -4.967564e+00 6.747815e+01 5.332422e+00
177            -1.469444e+04 -1.534584e+03 2.776388e+04 -1.468947e+04 -1.602013e+03 2.775851e+04 -4.969621e+00 6.742825e+01 5.371021e+00
178            -1.468866e+04 -1.533613e+03 2.775112e+04 -1.468369e+04 -1.601021e+03 2.774572e+04 -4.972364e+00 6.740798e+01 5.405155e+00
179            -1.468213e+04 -1.532698e+03 2.773486e+04 -1.467716e+04 -1.600058e+03 2.772942e+04 -4.974444e+00 6.735991e+01 5.442381e+00
180            -1.467637e+04 -1.531735e+03 2.772223e+04 -1.467140e+04 -1.599081e+03 2.771676e+04 -4.977344e+00 6.734573e+01 5.473234e+00
181            -1.466987e+04 -1.530806e+03 2.770613e+04 -1.466489e+04 -1.598104e+03 2.770062e+04 -4.979370e+00 6.729817e+01 5.509462e+00
182            -1.466401e+04 -1.529865e+03 2.769310e+04 -1.465903e+04 -1.597157e+03 2.768757e+04 -4.982482e+00 6.729161e+01 5.536479e+00
183            -1.465748e+04 -1.528919e+03 2.767703e+04 -1.465249e+04 -1.596162e+03 2.767146e+04 -4.984354e+00 6.724254e+01 5.572649e+00
184            -1.465151e+04 -1.528015e+03 2.766360e+04 -1.464653e+04 -1.595261e+03 2.765801e+04 -4.987720e+00 6.724589e+01 5.594848e+00
185            -1.464501e+04 -1.527052e+03 2.764791e+04 -1.464002e+04 -1.594245e+03 2.764228e+04 -4.989547e+00 6.719310e+01 5.632072e+00
186            -1.463904e+04 -1.526177e+03 2.763440e+04 -1.463405e+04 -1.593384e+03 2.762875e+04 -4.993105e+00 6.720777e+01 5.648726e+00
187            -1.463264e+04 -1.525228e+03 2.761924e+04 -1.462764e+04 -1.592379e+03 2.761355e+04 -4.995048e+00 6.715142e+01 5.687067e+00
188            -1.462795e+04 -1.524456e+03 2.760901e+04 -1.462295e+04 -1.591631e+03 2.760331e+04 -4.998832e+00 6.717451e+01 5.699155e+00
189            -1.462027e+04 -1.523448e+03 2.758995e+04 -1.461527e+04 -1.590562e+03 2.758421e+04 -5.000740e+00 6.711451e+01 5.738581e+00
190            -1.461333e+04 -1.522554e+03 2.757339e+04 -1.460833e+04 -1.589703e+03 2.756764e+04 -5.004883e+00 6.714823e+01 5.745481e+00
191            -1.460884e+04 -1.521722e+03 2.756398e+04 -1.460383e+04 -1.588804e+03 2.755819e+04 -5.005577e+00 6.708217e+01 5.786361e+00
192            -1.460181e+04 -1.520832e+03 2.754714e+04 -1.459680e+04 -1.587959e+03 2.754136e+04 -5.010613e+00 6.712732e+01 5.787636e+00
193            -1.459683e+04 -1.519956e+03 2.753624e+04 -1.459182e+04 -1.587013e+03 2.753041e+04 -5.010718e+00 6.705633e+01 5.829837e+00
194            -1.458932e+04 -1.519099e+03 2.751752e+04 -1.458430e+04 -1.586210e+03 2.751170e+04 -5.016264e+00 6.711122e+01 5.826256e+00
195            -1.458449e+04 -1.518241e+03 2.750716e+04 -1.457948e+04 -1.585278e+03 2.750130e+04 -5.015615e+00 6.703731e+01 5.868875e+00
196            -1.457739e+04 -1.517410e+03 2.748980e+04 -1.457237e+04 -1.584511e+03 2.748394e+04 -5.021565e+00 6.710088e+01 5.860809e+00
197            -1.457289e+04 -1.516557e+03 2.748055e+04 -1.456787e+04 -1.583582e+03 2.747464e+04 -5.020549e+00 6.702474e+01 5.903820e+00
198            -1.456601e+04 -1.515745e+03 2.746380e+04 -1.456098e+04 -1.582841e+03 2.745790e+04 -5.026981e+00 6.709576e+01 5.891908e+00
199            -1.456153e+04 -1.514910e+03 2.745456e+04 -1.455650e+04 -1.581928e+03 2.744863e+04 -5.025652e+00 6.701839e+01 5.934805e+00
200            -1.455463e+04 -1.514132e+03 2.743758e+04 -1.454960e+04 -1.581228e+03 2.743166e+04 -5.032297e+00 6.709553e+01 5.919359e+00
201            -1.455021e+04 -1.513316e+03 2.742845e+04 -1.454518e+04 -1.580334e+03 2.742249e+04 -5.030635e+00 6.701789e+01 5.961610e+00
202            -1.454507e+04 -1.512662e+03 2.741627e+04 -1.454003e+04 -1.579762e+03 2.741032e+04 -5.037501e+00 6.709974e+01 5.943235e+00
203            -1.453755e+04 -1.511631e+03 2.739820e+04 -1.453251e+04 -1.578654e+03 2.739222e+04 -5.035688e+00 6.702286e+01 5.984630e+00
204            -1.453311e+04 -1.511053e+03 2.738808e+04 -1.452806e+04 -1.578163e+03 2.738212e+04 -5.042393e+00 6.710910e+01 5.963657e+00
205            -1.452870e+04 -1.510294e+03 2.737895e+04 -1.452366e+04 -1.577327e+03 2.737295e+04 -5.040333e+00 6.703315e+01 6.003677e+00
206            -1.452178e+04 -1.509554e+03 2.736186e+04 -1.451673e+04 -1.576676e+03 2.735588e+04 -5.047200e+00 6.712253e+01 5.980458e+00
207            -1.451764e+04 -1.508778e+03 2.735364e+04 -1.451260e+04 -1.575826e+03 2.734762e+04 -5.044976e+00 6.704840e+01 6.019156e+00
208            -1.451317e+04 -1.508177e+03 2.734343e+04 -1.450812e+04 -1.575317e+03 2.733744e+04 -5.051921e+00 6.714045e+01 5.994002e+00
209            -1.450832e+04 -1.507402e+03 2.733267e+04 -1.450327e+04 -1.574470e+03 2.732664e+04 -5.049755e+00 6.706810e+01 6.031045e+00
210            -1.450100e+04 -1.506713e+03 2.731364e+04 -1.449594e+04 -1.573875e+03 2.730763e+04 -5.056481e+00 6.716241e+01 6.004119e+00
211            -1.449715e+04 -1.506012e+03 2.730595e+04 -1.449209e+04 -1.573104e+03 2.729991e+04 -5.053817e+00 6.709255e+01 6.039200e+00
212            -1.449330e+04 -1.505464e+03 2.729751e+04 -1.448824e+04 -1.572652e+03 2.729150e+04 -5.060492e+00 6.718840e+01 6.010723e+00
213            -1.448905e+04 -1.504743e+03 2.728854e+04 -1.448399e+04 -1.571864e+03 2.728250e+04 -5.058084e+00 6.712041e+01 6.044244e+00
214            -1.448404e+04 -1.504180e+03 2.727626e+04 -1.447898e+04 -1.571397e+03 2.727025e+04 -5.064780e+00 6.721752e+01 6.014641e+00
215            -1.447918e+04 -1.503484e+03 2.726510e+04 -1.447412e+04 -1.570636e+03 2.725905e+04 -5.062087e+00 6.715214e+01 6.046194e+00
216            -1.447263e+04 -1.502888e+03 2.724824e+04 -1.446756e+04 -1.570139e+03 2.724222e+04 -5.068322e+00 6.725055e+01 6.015155e+00
217            -1.446959e+04 -1.502280e+03 2.724269e+04 -1.446452e+04 -1.569468e+03 2.723665e+04 -5.065383e+00 6.718765e+01 6.044759e+00
218            -1.446671e+04 -1.501799e+03 2.723696e+04 -1.446163e+04 -1.569085e+03 2.723095e+04 -5.071851e+00 6.728647e+01 6.012918e+00
219            -1.446319e+04 -1.501178e+03 2.722986e+04 -1.445812e+04 -1.568404e+03 2.722382e+04 -5.069294e+00 6.722543e+01 6.041031e+00
220            -1.445881e+04 -1.500691e+03 2.721921e+04 -1.445374e+04 -1.568016e+03 2.721320e+04 -5.075644e+00 6.732455e+01 6.008350e+00
221            -1.445439e+04 -1.500092e+03 2.720885e+04 -1.444931e+04 -1.567358e+03 2.720281e+04 -5.072650e+00 6.726615e+01 6.034292e+00
222            -1.444836e+04 -1.499584e+03 2.719298e+04 -1.444328e+04 -1.566950e+03 2.718698e+04 -5.078378e+00 6.736580e+01 6.000445e+00
223            -1.444571e+04 -1.499063e+03 2.718807e+04 -1.444064e+04 -1.566373e+03 2.718205e+04 -5.075183e+00 6.730980e+01 6.024651e+00
224            -1.444341e+04 -1.498652e+03 2.718372e+04 -1.443833e+04 -1.566061e+03 2.717773e+04 -5.081199e+00 6.740918e+01 5.990556e+00
225            -1.444056e+04 -1.498128e+03 2.717828e+04 -1.443548e+04 -1.565483e+03 2.717226e+04 -5.078486e+00 6.735500e+01 6.013489e+00
226            -1.443706e+04 -1.497713e+03 2.717022e+04 -1.443197e+04 -1.565167e+03 2.716424e+04 -5.084416e+00 6.745401e+01 5.978901e+00
227            -1.443339e+04 -1.497212e+03 2.716191e+04 -1.442831e+04 -1.564615e+03 2.715591e+04 -5.081293e+00 6.740234e+01 5.999696e+00
228            -1.442828e+04 -1.496794e+03 2.714863e+04 -1.442319e+04 -1.564295e+03 2.714267e+04 -5.086576e+00 6.750109e+01 5.964276e+00
229            -1.442607e+04 -1.496368e+03 2.714452e+04 -1.442099e+04 -1.563819e+03 2.713853e+04 -5.083248e+00 6.745165e+01 5.983394e+00
230            -1.442431e+04 -1.496034e+03 2.714131e+04 -1.441922e+04 -1.563583e+03 2.713536e+04 -5.088756e+00 6.754956e+01 5.948038e+00
231            -1.442207e+04 -1.495610e+03 2.713716e+04 -1.441698e+04 -1.563112e+03 2.713120e+04 -5.085902e+00 6.750183e+01 5.966051e+00
232            -1.441941e+04 -1.495270e+03 2.713137e+04 -1.441432e+04 -1.562869e+03 2.712544e+04 -5.091341e+00 6.759877e+01 5.930581e+00
233            -1.441648e+04 -1.494863e+03 2.712497e+04 -1.441140e+04 -1.562417e+03 2.711902e+04 -5.088152e+00 6.755331e+01 5.946712e+00
234            -1.441358e+04 -1.494564e+03 2.711816e+04 -1.440849e+04 -1.562213e+03 2.711225e+04 -5.093026e+00 6.764935e+01 5.910758e+00
235            -1.441111e+04 -1.494204e+03 2.711286e+04 -1.440602e+04 -1.561810e+03 2.710693e+04 -5.089718e+00 6.760591e+01 5.925316e+00
236            -1.440904e+04 -1.493936e+03 2.710841e+04 -1.440394e+04 -1.561637e+03 2.710252e+04 -5.094599e+00 6.770070e+01 5.889562e+00
237            -1.440709e+04 -1.493614e+03 2.710463e+04 -1.440200e+04 -1.561273e+03 2.709873e+04 -5.091513e+00 6.765898e+01 5.902998e+00
238            -1.440539e+04 -1.493362e+03 2.710140e+04 -1.440029e+04 -1.561114e+03 2.709553e+04 -5.096323e+00 6.775237e+01 5.867388e+00
239            -1.440355e+04 -1.493057e+03 2.709798e+04 -1.439846e+04 -1.560769e+03 2.709210e+04 -5.093167e+00 6.771246e+01 5.879367e+00
240            -1.440192e+04 -1.492820e+03 2.709490e+04 -1.439683e+04 -1.560625e+03 2.708906e+04 -5.097672e+00 6.780444e+01 5.843751e+00
241            -1.440021e+04 -1.492546e+03 2.709157e+04 -1.439512e+04 -1.560313e+03 2.708572e+04 -5.094452e+00 6.776636e+01 5.854380e+00
242            -1.439876e+04 -1.492349e+03 2.708871e+04 -1.439367e+04 -1.560205e+03 2.708289e+04 -5.098790e+00 6.785675e+01 5.819032e+00
243            -1.439724e+04 -1.492120e+03 2.708562e+04 -1.439214e+04 -1.559940e+03 2.707979e+04 -5.095638e+00 6.782014e+01 5.828560e+00
244            -1.439602e+04 -1.491955e+03 2.708329e+04 -1.439092e+04 -1.559864e+03 2.707749e+04 -5.099812e+00 6.790889e+01 5.793434e+00
245            -1.439468e+04 -1.491755e+03 2.708072e+04 -1.438958e+04 -1.559629e+03 2.707492e+04 -5.096658e+00 6.787381e+01 5.801775e+00
246            -1.439370e+04 -1.491603e+03 2.707920e+04 -1.438860e+04 -1.559563e+03 2.707343e+04 -5.100628e+00 6.796072e+01 5.767027e+00
247            -1.439259e+04 -1.491421e+03 2.707733e+04 -1.438749e+04 -1.559348e+03 2.707155e+04 -5.097486e+00 6.792723e+01 5.774291e+00
248            -1.439188e+04 -1.491288e+03 2.707654e+04 -1.438678e+04 -1.559300e+03 2.707080e+04 -5.101306e+00 6.801207e+01 5.740138e+00
249            -1.439098e+04 -1.491137e+03 2.707511e+04 -1.438588e+04 -1.559118e+03 2.706936e+04 -5.098196e+00 6.798026e+01 5.746247e+00
250            -1.439048e+04 -1.491035e+03 2.707472e+04 -1.438537e+04 -1.559098e+03 2.706901e+04 -5.101841e+00 6.806301e+01 5.712565e+00
251            -1.438974e+04 -1.490919e+03 2.707351e+04 -1.438464e+04 -1.558951e+03 2.706779e+04 -5.098744e+00 6.803251e+01 5.717620e+00
252            -1.438939e+04 -1.490843e+03 2.707343e+04 -1.438428e+04 -1.558956e+03 2.706775e+04 -5.102190e+00 6.811310e+01 5.684483e+00
253            -1.438879e+04 -1.490752e+03 2.707253e+04 -1.438370e+04 -1.558836e+03 2.706684e+04 -5.099121e+00 6.808389e+01 5.688656e+00
254            -1.438863e+04 -1.490695e+03 2.707295e+04 -1.438353e+04 -1.558857e+03 2.706730e+04 -5.102403e+00 6.816230e+01 5.656239e+00
255            -1.438821e+04 -1.490627e+03 2.707248e+04 -1.438311e+04 -1.558761e+03 2.706682e+04 -5.099389e+00 6.813434e+01 5.659630e+00
256            -1.438824e+04 -1.490592e+03 2.707346e+04 -1.438314e+04 -1.558802e+03 2.706784e+04 -5.102510e+00 6.821045e+01 5.627958e+00
257            -1.438800e+04 -1.490549e+03 2.707340e+04 -1.438290e+04 -1.558732e+03 2.706777e+04 -5.099541e+00 6.818360e+01 5.630539e+00
258            -1.438824e+04 -1.490537e+03 2.707492e+04 -1.438314e+04 -1.558794e+03 2.706932e+04 -5.102484e+00 6.825729e+01 5.599598e+00
259            -1.438817e+04 -1.490517e+03 2.707522e+04 -1.438307e+04 -1.558748e+03 2.706962e+04 -5.099560e+00 6.823150e+01 5.601429e+00
260            -1.438860e+04 -1.490526e+03 2.707723e+04 -1.438350e+04 -1.558829e+03 2.707165e+04 -5.102336e+00 6.830276e+01 5.571321e+00
261            -1.438867e+04 -1.490526e+03 2.707779e+04 -1.438357e+04 -1.558804e+03 2.707222e+04 -5.099475e+00 6.827799e+01 5.572519e+00
262            -1.438926e+04 -1.490555e+03 2.708016e+04 -1.438416e+04 -1.558901e+03 2.707462e+04 -5.102094e+00 6.834679e+01 5.543323e+00
263            -1.438943e+04 -1.490576e+03 2.708088e+04 -1.438433e+04 -1.558899e+03 2.707533e+04 -5.099326e+00 6.832281e+01 5.544054e+00
264            -1.439015e+04 -1.490626e+03 2.708353e+04 -1.438505e+04 -1.559015e+03 2.707802e+04 -5.101751e+00 6.838925e+01 5.515643e+00
265            -1.439041e+04 -1.490668e+03 2.708440e+04 -1.438531e+04 -1.559034e+03 2.707889e+04 -5.099070e+00 6.836608e+01 5.515863e+00
266            -1.439129e+04 -1.490739e+03 2.708744e+04 -1.438618e+04 -1.559169e+03 2.708195e+04 -5.101325e+00 6.842990e+01 5.488438e+00
267            -1.439166e+04 -1.490799e+03 2.708854e+04 -1.438656e+04 -1.559207e+03 2.708306e+04 -5.098685e+00 6.840768e+01 5.488095e+00
268            -1.439270e+04 -1.490887e+03 2.709202e+04 -1.438760e+04 -1.559356e+03 2.708656e+04 -5.100826e+00 6.846885e+01 5.461744e+00
269            -1.439318e+04 -1.490965e+03 2.709331e+04 -1.438808e+04 -1.559412e+03 2.708785e+04 -5.098228e+00 6.844745e+01 5.460917e+00
270            -1.439435e+04 -1.491069e+03 2.709711e+04 -1.438925e+04 -1.559575e+03 2.709167e+04 -5.100258e+00 6.850603e+01 5.435617e+00
271            -1.439491e+04 -1.491162e+03 2.709848e+04 -1.438981e+04 -1.559648e+03 2.709305e+04 -5.097698e+00 6.848536e+01 5.434365e+00
272            -1.439619e+04 -1.491281e+03 2.710249e+04 -1.439109e+04 -1.559823e+03 2.709708e+04 -5.099567e+00 6.854143e+01 5.410074e+00
273            -1.439681e+04 -1.491391e+03 2.710392e+04 -1.439171e+04 -1.559912e+03 2.709852e+04 -5.097128e+00 6.852132e+01 5.408556e+00
274            -1.439853e+04 -1.491555e+03 2.710919e+04 -1.439343e+04 -1.560130e+03 2.710381e+04 -5.098817e+00 6.857486e+01 5.385268e+00
275            -1.439895e+04 -1.491673e+03 2.710974e+04 -1.439385e+04 -1.560228e+03 2.710436e+04 -5.096490e+00 6.855523e+01 5.383522e+00
276            -1.440007e+04 -1.491801e+03 2.711296e+04 -1.439497e+04 -1.560408e+03 2.710760e+04 -5.098023e+00 6.860654e+01 5.361235e+00
277            -1.440072e+04 -1.491933e+03 2.711438e+04 -1.439563e+04 -1.560521e+03 2.710902e+04 -5.095700e+00 6.858762e+01 5.359208e+00
278            -1.440278e+04 -1.492111e+03 2.712079e+04 -1.439768e+04 -1.560748e+03 2.711545e+04 -5.097097e+00 6.863641e+01 5.337963e+00
279            -1.440343e+04 -1.492249e+03 2.712200e+04 -1.439834e+04 -1.560866e+03 2.711667e+04 -5.094944e+00 6.861770e+01 5.335840e+00
280            -1.440524e+04 -1.492428e+03 2.712727e+04 -1.440015e+04 -1.561093e+03 2.712195e+04 -5.096244e+00 6.866411e+01 5.315624e+00
281            -1.440579e+04 -1.492584e+03 2.712796e+04 -1.440069e+04 -1.561229e+03 2.712264e+04 -5.094118e+00 6.864586e+01 5.313264e+00
282            -1.440724e+04 -1.492747e+03 2.713211e+04 -1.440214e+04 -1.561437e+03 2.712682e+04 -5.095223e+00 6.869017e+01 5.293937e+00
283            -1.440817e+04 -1.492917e+03 2.713410e+04 -1.440308e+04 -1.561590e+03 2.712881e+04 -5.093149e+00 6.867233e+01 5.291514e+00
284            -1.441048e+04 -1.493116e+03 2.714106e+04 -1.440539e+04 -1.561830e+03 2.713579e+04 -5.094206e+00 6.871429e+01 5.273299e+00
285            -1.441124e+04 -1.493290e+03 2.714228e+04 -1.440615e+04 -1.561986e+03 2.713701e+04 -5.092310e+00 6.869647e+01 5.270976e+00
286            -1.441310e+04 -1.493490e+03 2.714747e+04 -1.440801e+04 -1.562226e+03 2.714222e+04 -5.093249e+00 6.873632e+01 5.253676e+00
287            -1.441371e+04 -1.493674e+03 2.714815e+04 -1.440862e+04 -1.562393e+03 2.714290e+04 -5.091334e+00 6.871875e+01 5.251223e+00
288            -1.441563e+04 -1.493874e+03 2.715362e+04 -1.441053e+04 -1.562631e+03 2.714838e+04 -5.092117e+00 6.875659e+01 5.234851e+00
289            -1.441640e+04 -1.494058e+03 2.715483e+04 -1.441131e+04 -1.562797e+03 2.714960e+04 -5.090306e+00 6.873909e+01 5.232592e+00
290            -1.441855e+04 -1.494253e+03 2.716113e+04 -1.441346e+04 -1.563028e+03 2.715592e+04 -5.091064e+00 6.877491e+01 5.217312e+00
291            -1.441942e+04 -1.494448e+03 2.716255e+04 -1.441433e+04 -1.563205e+03 2.715734e+04 -5.089366e+00 6.875738e+01 5.215210e+00
292            -1.442155e+04 -1.494653e+03 2.716871e+04 -1.441646e+04 -1.563444e+03 2.716351e+04 -5.090026e+00 6.879125e+01 5.200778e+00
293            -1.442237e+04 -1.494858e+03 2.716989e+04 -1.441728e+04 -1.563632e+03 2.716469e+04 -5.088360e+00 6.877365e+01 5.198748e+00
294            -1.442444e+04 -1.495063e+03 2.717579e+04 -1.441935e+04 -1.563869e+03 2.717060e+04 -5.088928e+00 6.880563e+01 5.185268e+00
295            -1.442525e+04 -1.495269e+03 2.717692e+04 -1.442016e+04 -1.564057e+03 2.717173e+04 -5.087318e+00 6.878802e+01 5.183395e+00
296            -1.442735e+04 -1.495470e+03 2.718293e+04 -1.442226e+04 -1.564288e+03 2.717776e+04 -5.087839e+00 6.881830e+01 5.170851e+00
297            -1.442820e+04 -1.495678e+03 2.718415e+04 -1.442311e+04 -1.564478e+03 2.717898e+04 -5.086311e+00 6.880057e+01 5.169212e+00
298            -1.443033e+04 -1.495877e+03 2.719029e+04 -1.442524e+04 -1.564706e+03 2.718513e+04 -5.086771e+00 6.882925e+01 5.157461e+00
299            -1.443118e+04 -1.496089e+03 2.719147e+04 -1.442609e+04 -1.564900e+03 2.718631e+04 -5.085287e+00 6.881139e+01 5.155982e+00
300            -1.443329e+04 -1.496289e+03 2.719750e+04 -1.442821e+04 -1.565128e+03 2.719235e+04 -5.085679e+00 6.883854e+01 5.144994e+00
301            -1.443411e+04 -1.496505e+03 2.719853e+04 -1.442903e+04 -1.565325e+03 2.719339e+04 -5.084245e+00 6.882050e+01 5.143752e+00
302            -1.443619e+04 -1.496704e+03 2.720441e+04 -1.443111e+04 -1.565550e+03 2.719927e+04 -5.084588e+00 6.884622e+01 5.133535e+00
303            -1.443699e+04 -1.496919e+03 2.720535e+04 -1.443190e+04 -1.565747e+03 2.720021e+04 -5.083211e+00 6.882798e+01 5.132566e+00
304            -1.443905e+04 -1.497114e+03 2.721119e+04 -1.443397e+04 -1.565966e+03 2.720607e+04 -5.083514e+00 6.885237e+01 5.123083e+00
305            -1.443984e+04 -1.497327e+03 2.721210e+04 -1.443476e+04 -1.566161e+03 2.720698e+04 -5.082183e+00 6.883391e+01 5.122382e+00
306            -1.444190e+04 -1.497519e+03 2.721793e+04 -1.443682e+04 -1.566376e+03 2.721282e+04 -5.082447e+00 6.885704e+01 5.113591e+00
307            -1.444267e+04 -1.497733e+03 2.721878e+04 -1.443759e+04 -1.566571e+03 2.721366e+04 -5.081163e+00 6.883831e+01 5.113183e+00
308            -1.444471e+04 -1.497923e+03 2.722453e+04 -1.443963e+04 -1.566783e+03 2.721942e+04 -5.081398e+00 6.886025e+01 5.105076e+00
309            -1.444546e+04 -1.498136e+03 2.722529e+04 -1.444038e+04 -1.566977e+03 2.722019e+04 -5.080163e+00 6.884123e+01 5.104991e+00
310            -1.444746e+04 -1.498321e+03 2.723096e+04 -1.444238e+04 -1.567183e+03 2.722587e+04 -5.080376e+00 6.886204e+01 5.097544e+00
311            -1.444819e+04 -1.498530e+03 2.723168e+04 -1.444311e+04 -1.567373e+03 2.722658e+04 -5.079186e+00 6.884272e+01 5.097781e+00
312            -1.445017e+04 -1.498708e+03 2.723729e+04 -1.444509e+04 -1.567571e+03 2.723220e+04 -5.079379e+00 6.886251e+01 5.090953e+00
313            -1.445087e+04 -1.498915e+03 2.723792e+04 -1.444579e+04 -1.567757e+03 2.723283e+04 -5.078230e+00 6.884290e+01 5.091509e+00
314            -1.445282e+04 -1.499088e+03 2.724345e+04 -1.444774e+04 -1.567950e+03 2.723836e+04 -5.078408e+00 6.886174e+01 5.085266e+00
315            -1.445348e+04 -1.499291e+03 2.724398e+04 -1.444840e+04 -1.568133e+03 2.723889e+04 -5.077297e+00 6.884183e+01 5.086137e+00
316            -1.445539e+04 -1.499460e+03 2.724940e+04 -1.445031e+04 -1.568320e+03 2.724432e+04 -5.077464e+00 6.885978e+01 5.080448e+00
317            -1.445601e+04 -1.499659e+03 2.724984e+04 -1.445094e+04 -1.568499e+03 2.724476e+04 -5.076389e+00 6.883959e+01 5.081631e+00
318            -1.445788e+04 -1.499822e+03 2.725514e+04 -1.445281e+04 -1.568678e+03 2.725006e+04 -5.076548e+00 6.885673e+01 5.076465e+00
319            -1.445847e+04 -1.500016e+03 2.725547e+04 -1.445340e+04 -1.568852e+03 2.725039e+04 -5.075509e+00 6.883626e+01 5.077958e+00
320            -1.445996e+04 -1.500153e+03 2.725963e+04 -1.445488e+04 -1.569006e+03 2.725455e+04 -5.075649e+00 6.885270e+01 5.073283e+00
321            -1.446080e+04 -1.500355e+03 2.726079e+04 -1.445572e+04 -1.569187e+03 2.725571e+04 -5.074625e+00 6.883201e+01 5.075066e+00
322            -1.446285e+04 -1.500509e+03 2.726681e+04 -1.445778e+04 -1.569357e+03 2.726174e+04 -5.074802e+00 6.884768e+01 5.070882e+00
323            -1.446338e+04 -1.500695e+03 2.726695e+04 -1.445831e+04 -1.569521e+03 2.726188e+04 -5.073865e+00 6.882659e+01 5.073020e+00
324            -1.446463e+04 -1.500821e+03 2.727031e+04 -1.445956e+04 -1.569662e+03 2.726524e+04 -5.074014e+00 6.884171e+01 5.069256e+00
325            -1.446523e+04 -1.501012e+03 2.727071e+04 -1.446016e+04 -1.569833e+03 2.726564e+04 -5.073025e+00 6.882048e+01 5.071621e+00
326            -1.446708e+04 -1.501157e+03 2.727608e+04 -1.446201e+04 -1.569992e+03 2.727101e+04 -5.073174e+00 6.883498e+01 5.068268e+00
327            -1.446755e+04 -1.501329e+03 2.727611e+04 -1.446247e+04 -1.570143e+03 2.727104e+04 -5.072290e+00 6.881340e+01 5.071007e+00
328            -1.446877e+04 -1.501437e+03 2.727951e+04 -1.446370e+04 -1.570264e+03 2.727444e+04 -5.072473e+00 6.882746e+01 5.068102e+00
329            -1.446934e+04 -1.501612e+03 2.727991e+04 -1.446426e+04 -1.570418e+03 2.727484e+04 -5.071567e+00 6.880576e+01 5.071076e+00
330            -1.447112e+04 -1.501741e+03 2.728516e+04 -1.446605e+04 -1.570560e+03 2.728010e+04 -5.071742e+00 6.881933e+01 5.068469e+00
331            -1.447149e+04 -1.501902e+03 2.728496e+04 -1.446642e+04 -1.570699e+03 2.727989e+04 -5.070903e+00 6.879732e+01 5.071712e+00
332            -1.447258e+04 -1.501999e+03 2.728796e+04 -1.446751e+04 -1.570809e+03 2.728289e+04 -5.071089e+00 6.881055e+01 5.069451e+00
333            -1.447303e+04 -1.502164e+03 2.728801e+04 -1.446796e+04 -1.570952e+03 2.728293e+04 -5.070222e+00 6.878842e+01 5.072934e+00
334            -1.447434e+04 -1.502263e+03 2.729181e+04 -1.446926e+04 -1.571065e+03 2.728674e+04 -5.070405e+00 6.880131e+01 5.070967e+00
335            -1.447487e+04 -1.502420e+03 2.729223e+04 -1.446980e+04 -1.571199e+03 2.728715e+04 -5.069599e+00 6.877895e+01 5.074721e+00
336            -1.447614e+04 -1.502506e+03 2.729596e+04 -1.447107e+04 -1.571298e+03 2.729089e+04 -5.069840e+00 6.879152e+01 5.073083e+00
337            -1.447655e+04 -1.502653e+03 2.729599e+04 -1.447148e+04 -1.571422e+03 2.729092e+04 -5.069060e+00 6.876899e+01 5.077071e+00
338            -1.447765e+04 -1.502736e+03 2.729918e+04 -1.447258e+04 -1.571517e+03 2.729410e+04 -5.069287e+00 6.878133e+01 5.075637e+00
339            -1.447797e+04 -1.502880e+03 2.729895e+04 -1.447290e+04 -1.571638e+03 2.729387e+04 -5.068499e+00 6.875865e+01 5.079815e+00
340            -1.447902e+04 -1.502956e+03 2.730197e+04 -1.447395e+04 -1.571727e+03 2.729689e+04 -5.068738e+00 6.877080e+01 5.078606e+00
341            -1.447932e+04 -1.503092e+03 2.730173e+04 -1.447426e+04 -1.571840e+03 2.729664e+04 -5.067980e+00 6.874797e+01 5.083024e+00
342            -1.448035e+04 -1.503159e+03 2.730474e+04 -1.447528e+04 -1.571919e+03 2.729965e+04 -5.068251e+00 6.875998e+01 5.082043e+00
343            -1.448062e+04 -1.503285e+03 2.730447e+04 -1.447555e+04 -1.572022e+03 2.729939e+04 -5.067517e+00 6.873702e+01 5.086668e+00
344            -1.448159e+04 -1.503344e+03 2.730738e+04 -1.447653e+04 -1.572093e+03 2.730230e+04 -5.067805e+00 6.874894e+01 5.085855e+00
345            -1.448182e+04 -1.503464e+03 2.730700e+04 -1.447675e+04 -1.572190e+03 2.730191e+04 -5.067079e+00 6.872586e+01 5.090652e+00
346            -1.448273e+04 -1.503518e+03 2.730971e+04 -1.447766e+04 -1.572256e+03 2.730462e+04 -5.067385e+00 6.873773e+01 5.089979e+00
347            -1.448290e+04 -1.503632e+03 2.730920e+04 -1.447784e+04 -1.572347e+03 2.730410e+04 -5.066671e+00 6.871452e+01 5.094955e+00
348            -1.448374e+04 -1.503680e+03 2.731172e+04 -1.447868e+04 -1.572406e+03 2.730663e+04 -5.066999e+00 6.872637e+01 5.094410e+00
349            -1.448388e+04 -1.503787e+03 2.731114e+04 -1.447881e+04 -1.572490e+03 2.730604e+04 -5.066297e+00 6.870304e+01 5.099567e+00
350            -1.448467e+04 -1.503826e+03 2.731356e+04 -1.447960e+04 -1.572541e+03 2.730846e+04 -5.066650e+00 6.871492e+01 5.099137e+00
351            -1.448477e+04 -1.503925e+03 2.731292e+04 -1.447971e+04 -1.572616e+03 2.730782e+04 -5.065960e+00 6.869149e+01 5.104464e+00
352            -1.448552e+04 -1.503957e+03 2.731523e+04 -1.448045e+04 -1.572660e+03 2.731012e+04 -5.066339e+00 6.870343e+01 5.104121e+00
353            -1.448558e+04 -1.504049e+03 2.731452e+04 -1.448052e+04 -1.572729e+03 2.730941e+04 -5.065657e+00 6.867990e+01 5.109597e+00
354            -1.448627e+04 -1.504075e+03 2.731667e+04 -1.448120e+04 -1.572767e+03 2.731156e+04 -5.066062e+00 6.869196e+01 5.109304e+00
355            -1.448629e+04 -1.504161e+03 2.731587e+04 -1.448123e+04 -1.572829e+03 2.731075e+04 -5.065383e+00 6.866832e+01 5.114922e+00
356            -1.448692e+04 -1.504181e+03 2.731787e+04 -1.448186e+04 -1.572862e+03 2.731276e+04 -5.065815e+00 6.868053e+01 5.114667e+00
357            -1.448691e+04 -1.504260e+03 2.731700e+04 -1.448185e+04 -1.572916e+03 2.731188e+04 -5.065140e+00 6.865679e+01 5.120431e+00
358            -1.448749e+04 -1.504274e+03 2.731889e+04 -1.448243e+04 -1.572943e+03 2.731377e+04 -5.065603e+00 6.866918e+01 5.120195e+00
359            -1.448745e+04 -1.504346e+03 2.731796e+04 -1.448238e+04 -1.572991e+03 2.731283e+04 -5.064930e+00 6.864534e+01 5.126094e+00
360            -1.448798e+04 -1.504354e+03 2.731972e+04 -1.448291e+04 -1.573012e+03 2.731459e+04 -5.065423e+00 6.865797e+01 5.125843e+00
361            -1.448790e+04 -1.504420e+03 2.731871e+04 -1.448283e+04 -1.573054e+03 2.731357e+04 -5.064747e+00 6.863401e+01 5.131867e+00
362            -1.448838e+04 -1.504422e+03 2.732035e+04 -1.448331e+04 -1.573069e+03 2.731521e+04 -5.065272e+00 6.864692e+01 5.131582e+00
363            -1.448827e+04 -1.504482e+03 2.731927e+04 -1.448320e+04 -1.573104e+03 2.731413e+04 -5.064591e+00 6.862285e+01 5.137730e+00
364            -1.448870e+04 -1.504479e+03 2.732080e+04 -1.448364e+04 -1.573115e+03 2.731566e+04 -5.065152e+00 6.863607e+01 5.137389e+00
365            -1.448856e+04 -1.504532e+03 2.731965e+04 -1.448349e+04 -1.573144e+03 2.731451e+04 -5.064462e+00 6.861187e+01 5.143660e+00
366            -1.448895e+04 -1.504525e+03 2.732108e+04 -1.448389e+04 -1.573151e+03 2.731593e+04 -5.065060e+00 6.862544e+01 5.143242e+00
367            -1.448877e+04 -1.504572e+03 2.731987e+04 -1.448371e+04 -1.573173e+03 2.731472e+04 -5.064360e+00 6.860109e+01 5.149636e+00
368            -1.448913e+04 -1.504561e+03 2.732120e+04 -1.448406e+04 -1.573176e+03 2.731605e+04 -5.064997e+00 6.861507e+01 5.149115e+00
369            -1.448891e+04 -1.504602e+03 2.731992e+04 -1.448385e+04 -1.573192e+03 2.731477e+04 -5.064282e+00 6.859055e+01 5.155631e+00
370            -1.448923e+04 -1.504586e+03 2.732116e+04 -1.448417e+04 -1.573191e+03 2.731600e+04 -5.064961e+00 6.860498e+01 5.154980e+00
371            -1.448899e+04 -1.504621e+03 2.731982e+04 -1.448392e+04 -1.573201e+03 2.731466e+04 -5.064225e+00 6.858027e+01 5.161619e+00
372            -1.448927e+04 -1.504601e+03 2.732098e+04 -1.448421e+04 -1.573197e+03 2.731582e+04 -5.064949e+00 6.859520e+01 5.160812e+00
373            -1.448900e+04 -1.504631e+03 2.731959e+04 -1.448394e+04 -1.573201e+03 2.731442e+04 -5.064189e+00 6.857028e+01 5.167573e+00
374            -1.448925e+04 -1.504607e+03 2.732067e+04 -1.448419e+04 -1.573193e+03 2.731550e+04 -5.064961e+00 6.858576e+01 5.166589e+00
375            -1.448895e+04 -1.504631e+03 2.731922e+04 -1.448389e+04 -1.573192e+03 2.731405e+04 -5.064173e+00 6.856058e+01 5.173485e+00
376            -1.448917e+04 -1.504605e+03 2.732024e+04 -1.448411e+04 -1.573181e+03 2.731506e+04 -5.064997e+00 6.857665e+01 5.172298e+00
377            -1.448885e+04 -1.504623e+03 2.731874e+04 -1.448378e+04 -1.573174e+03 2.731356e+04 -5.064176e+00 6.855118e+01 5.179339e+00
378            -1.448904e+04 -1.504594e+03 2.731969e+04 -1.448398e+04 -1.573162e+03 2.731451e+04 -5.065056e+00 6.856791e+01 5.177923e+00
379            -1.448869e+04 -1.504607e+03 2.731815e+04 -1.448362e+04 -1.573149e+03 2.731296e+04 -5.064198e+00 6.854211e+01 5.185120e+00
380            -1.448886e+04 -1.504576e+03 2.731903e+04 -1.448379e+04 -1.573135e+03 2.731385e+04 -5.065138e+00 6.855954e+01 5.183453e+00
381            -1.448848e+04 -1.504583e+03 2.731745e+04 -1.448342e+04 -1.573116e+03 2.731226e+04 -5.064235e+00 6.853336e+01 5.190816e+00
382            -1.448863e+04 -1.504550e+03 2.731827e+04 -1.448356e+04 -1.573101e+03 2.731309e+04 -5.065241e+00 6.855156e+01 5.188862e+00
383            -1.448823e+04 -1.504552e+03 2.731665e+04 -1.448316e+04 -1.573077e+03 2.731146e+04 -5.064287e+00 6.852495e+01 5.196404e+00
384            -1.448835e+04 -1.504517e+03 2.731742e+04 -1.448329e+04 -1.573061e+03 2.731223e+04 -5.065363e+00 6.854398e+01 5.194138e+00
385            -1.448793e+04 -1.504514e+03 2.731578e+04 -1.448287e+04 -1.573031e+03 2.731058e+04 -5.064353e+00 6.851687e+01 5.201879e+00
386            -1.448804e+04 -1.504478e+03 2.731650e+04 -1.448297e+04 -1.573015e+03 2.731130e+04 -5.065504e+00 6.853681e+01 5.199269e+00
387            -1.448760e+04 -1.504470e+03 2.731484e+04 -1.448254e+04 -1.572979e+03 2.730963e+04 -5.064431e+00 6.850915e+01 5.207226e+00
388            -1.448769e+04 -1.504433e+03 2.731549e+04 -1.448262e+04 -1.572963e+03 2.731029e+04 -5.065664e+00 6.853006e+01 5.204241e+00
389            -1.448723e+04 -1.504420e+03 2.731381e+04 -1.448217e+04 -1.572922e+03 2.730859e+04 -5.064519e+00 6.850178e+01 5.212438e+00
390            -1.448730e+04 -1.504383e+03 2.731441e+04 -1.448223e+04 -1.572907e+03 2.730920e+04 -5.065840e+00 6.852373e+01 5.209050e+00
391            -1.448683e+04 -1.504366e+03 2.731271e+04 -1.448177e+04 -1.572861e+03 2.730749e+04 -5.064618e+00 6.849477e+01 5.217504e+00
392            -1.448687e+04 -1.504328e+03 2.731325e+04 -1.448181e+04 -1.572846e+03 2.730804e+04 -5.066032e+00 6.851782e+01 5.213680e+00
393            -1.448640e+04 -1.504307e+03 2.731155e+04 -1.448133e+04 -1.572795e+03 2.730633e+04 -5.064725e+00 6.848810e+01 5.222417e+00
394            -1.448642e+04 -1.504269e+03 2.731204e+04 -1.448136e+04 -1.572781e+03 2.730683e+04 -5.066239e+00 6.851233e+01 5.218129e+00
395            -1.448594e+04 -1.504244e+03 2.731036e+04 -1.448087e+04 -1.572725e+03 2.730513e+04 -5.064841e+00 6.848179e+01 5.227173e+00
396            -1.448595e+04 -1.504206e+03 2.731080e+04 -1.448088e+04 -1.572713e+03 2.730557e+04 -5.066460e+00 6.850727e+01 5.222389e+00
397            -1.448546e+04 -1.504176e+03 2.730911e+04 -1.448039e+04 -1.572652e+03 2.730388e+04 -5.064964e+00 6.847584e+01 5.231761e+00
398            -1.448545e+04 -1.504140e+03 2.730950e+04 -1.448039e+04 -1.572642e+03 2.730428e+04 -5.066693e+00 6.850262e+01 5.226456e+00
399            -1.448496e+04 -1.504106e+03 2.730784e+04 -1.447989e+04 -1.572576e+03 2.730260e+04 -5.065093e+00 6.847024e+01 5.236176e+00
400            -1.448494e+04 -1.504070e+03 2.730818e+04 -1.447987e+04 -1.572568e+03 2.730295e+04 -5.066940e+00 6.849837e+01 5.230339e+00
401            -1.448444e+04 -1.504032e+03 2.730652e+04 -1.447937e+04 -1.572497e+03 2.730128e+04 -5.065228e+00 6.846500e+01 5.240409e+00
402            -1.448440e+04 -1.503998e+03 2.730681e+04 -1.447934e+04 -1.572492e+03 2.730158e+04 -5.067193e+00 6.849453e+01 5.234006e+00
403            -1.448391e+04 -1.503957e+03 2.730519e+04 -1.447884e+04 -1.572417e+03 2.729994e+04 -5.065369e+00 6.846011e+01 5.244460e+00
404            -1.448386e+04 -1.503924e+03 2.730544e+04 -1.447879e+04 -1.572415e+03 2.730020e+04 -5.067454e+00 6.849107e+01 5.237479e+00
405            -1.448336e+04 -1.503880e+03 2.730385e+04 -1.447830e+04 -1.572335e+03 2.729860e+04 -5.065485e+00 6.845564e+01 5.248275e+00
406            -1.448331e+04 -1.503847e+03 2.730405e+04 -1.447824e+04 -1.572335e+03 2.729881e+04 -5.067686e+00 6.848806e+01 5.240695e+00
407            -1.448281e+04 -1.503801e+03 2.730249e+04 -1.447774e+04 -1.572252e+03 2.729723e+04 -5.065636e+00 6.845147e+01 5.251944e+00
408            -1.448274e+04 -1.503770e+03 2.730265e+04 -1.447768e+04 -1.572255e+03 2.729741e+04 -5.067952e+00 6.848533e+01 5.243766e+00
409            -1.448225e+04 -1.503720e+03 2.730112e+04 -1.447718e+04 -1.572168e+03 2.729586e+04 -5.065791e+00 6.844767e+01 5.255403e+00
410            -1.448217e+04 -1.503690e+03 2.730125e+04 -1.447710e+04 -1.572173e+03 2.729600e+04 -5.068218e+00 6.848294e+01 5.246640e+00
411            -1.448168e+04 -1.503639e+03 2.729974e+04 -1.447661e+04 -1.572083e+03 2.729448e+04 -5.065951e+00 6.844423e+01 5.258661e+00
412            -1.448160e+04 -1.503611e+03 2.729985e+04 -1.447653e+04 -1.572091e+03 2.729460e+04 -5.068484e+00 6.848086e+01 5.249332e+00
413            -1.448111e+04 -1.503558e+03 2.729838e+04 -1.447605e+04 -1.571999e+03 2.729312e+04 -5.066118e+00 6.844116e+01 5.261717e+00
414            -1.448103e+04 -1.503530e+03 2.729847e+04 -1.447596e+04 -1.572009e+03 2.729321e+04 -5.068748e+00 6.847908e+01 5.251837e+00
415            -1.448054e+04 -1.503476e+03 2.729701e+04 -1.447548e+04 -1.571915e+03 2.729175e+04 -5.066291e+00 6.843846e+01 5.264559e+00
416            -1.448046e+04 -1.503449e+03 2.729709e+04 -1.447539e+04 -1.571927e+03 2.729183e+04 -5.069007e+00 6.847757e+01 5.254165e+00
417            -1.447998e+04 -1.503395e+03 2.729568e+04 -1.447491e+04 -1.571831e+03 2.729041e+04 -5.066469e+00 6.843612e+01 5.267191e+00
418            -1.447989e+04 -1.503369e+03 2.729574e+04 -1.447482e+04 -1.571845e+03 2.729048e+04 -5.069261e+00 6.847633e+01 5.256315e+00
419            -1.447942e+04 -1.503314e+03 2.729435e+04 -1.447435e+04 -1.571748e+03 2.728908e+04 -5.066610e+00 6.843419e+01 5.269562e+00
420            -1.447933e+04 -1.503288e+03 2.729440e+04 -1.447426e+04 -1.571764e+03 2.728914e+04 -5.069470e+00 6.847537e+01 5.258252e+00
421            -1.447886e+04 -1.503233e+03 2.729304e+04 -1.447379e+04 -1.571666e+03 2.728777e+04 -5.066795e+00 6.843256e+01 5.271763e+00
422            -1.447877e+04 -1.503208e+03 2.729309e+04 -1.447370e+04 -1.571683e+03 2.728783e+04 -5.069705e+00 6.847460e+01 5.260055e+00
423            -1.447831e+04 -1.503154e+03 2.729176e+04 -1.447325e+04 -1.571585e+03 2.728649e+04 -5.066982e+00 6.843129e+01 5.273750e+00
424            -1.447823e+04 -1.503129e+03 2.729181e+04 -1.447316e+04 -1.571603e+03 2.728655e+04 -5.069908e+00 6.847420e+01 5.261616e+00
425            -1.447777e+04 -1.503075e+03 2.729050e+04 -1.447270e+04 -1.571506e+03 2.728523e+04 -5.067151e+00 6.843045e+01 5.275469e+00
426            -1.447769e+04 -1.503051e+03 2.729055e+04 -1.447262e+04 -1.571525e+03 2.728529e+04 -5.070150e+00 6.847375e+01 5.263167e+00
427            -1.447724e+04 -1.502999e+03 2.728927e+04 -1.447217e+04 -1.571429e+03 2.728399e+04 -5.067341e+00 6.842984e+01 5.277043e+00
428            -1.447716e+04 -1.502975e+03 2.728933e+04 -1.447209e+04 -1.571449e+03 2.728406e+04 -5.070334e+00 6.847377e+01 5.264403e+00
429            -1.447672e+04 -1.502924e+03 2.728807e+04 -1.447165e+04 -1.571353e+03 2.728279e+04 -5.067532e+00 6.842952e+01 5.278424e+00
430            -1.447665e+04 -1.502900e+03 2.728815e+04 -1.447158e+04 -1.571374e+03 2.728288e+04 -5.070535e+00 6.847385e+01 5.265563e+00
431            -1.447622e+04 -1.502850e+03 2.728692e+04 -1.447115e+04 -1.571280e+03 2.728164e+04 -5.067724e+00 6.842947e+01 5.279617e+00
432            -1.447615e+04 -1.502826e+03 2.728701e+04 -1.447108e+04 -1.571301e+03 2.728174e+04 -5.070728e+00 6.847413e+01 5.266566e+00
433            -1.447572e+04 -1.502778e+03 2.728579e+04 -1.447065e+04 -1.571208e+03 2.728051e+04 -5.067912e+00 6.842971e+01 5.280617e+00
434            -1.447566e+04 -1.502755e+03 2.728590e+04 -1.447059e+04 -1.571229e+03 2.728064e+04 -5.070911e+00 6.847460e+01 5.267416e+00
435            -1.447525e+04 -1.502708e+03 2.728471e+04 -1.447018e+04 -1.571139e+03 2.727943e+04 -5.068098e+00 6.843021e+01 5.281438e+00
436            -1.447519e+04 -1.502685e+03 2.728484e+04 -1.447012e+04 -1.571160e+03 2.727957e+04 -5.071087e+00 6.847525e+01 5.268116e+00
437            -1.447478e+04 -1.502641e+03 2.728366e+04 -1.446971e+04 -1.571072e+03 2.727837e+04 -5.068281e+00 6.843094e+01 5.282089e+00
438            -1.447474e+04 -1.502618e+03 2.728380e+04 -1.446966e+04 -1.571094e+03 2.727853e+04 -5.071253e+00 6.847607e+01 5.268673e+00
439            -1.447433e+04 -1.502576e+03 2.728264e+04 -1.446926e+04 -1.571007e+03 2.727736e+04 -5.068458e+00 6.843188e+01 5.282574e+00
440            -1.447430e+04 -1.502553e+03 2.728280e+04 -1.446922e+04 -1.571030e+03 2.727754e+04 -5.071413e+00 6.847704e+01 5.269089e+00
441            -1.447390e+04 -1.502513e+03 2.728167e+04 -1.446883e+04 -1.570946e+03 2.727638e+04 -5.068631e+00 6.843302e+01 5.282908e+00
442            -1.447390e+04 -1.502475e+03 2.728185e+04 -1.446882e+04 -1.570954e+03 2.727658e+04 -5.071525e+00 6.847820e+01 5.269376e+00
443            -1.447369e+04 -1.502462e+03 2.728133e+04 -1.446863e+04 -1.570895e+03 2.727605e+04 -5.068698e+00 6.843360e+01 5.283514e+00
444            -1.447356e+04 -1.502454e+03 2.728117e+04 -1.446849e+04 -1.570934e+03 2.727590e+04 -5.071821e+00 6.847949e+01 5.269502e+00
445            -1.447302e+04 -1.502416e+03 2.727960e+04 -1.446795e+04 -1.570852e+03 2.727432e+04 -5.069083e+00 6.843595e+01 5.283096e+00
446            -1.447293e+04 -1.502381e+03 2.727963e+04 -1.446786e+04 -1.570861e+03 2.727436e+04 -5.071817e+00 6.848066e+01 5.269611e+00
447            -1.447255e+04 -1.502333e+03 2.727857e+04 -1.446748e+04 -1.570771e+03 2.727329e+04 -5.069083e+00 6.843751e+01 5.283054e+00
448            -1.447259e+04 -1.502294e+03 2.727889e+04 -1.446752e+04 -1.570776e+03 2.727362e+04 -5.071896e+00 6.848236e+01 5.269490e+00
449            -1.447246e+04 -1.502288e+03 2.727855e+04 -1.446739e+04 -1.570726e+03 2.727327e+04 -5.069192e+00 6.843864e+01 5.283234e+00
450            -1.447248e+04 -1.502264e+03 2.727876e+04 -1.446741e+04 -1.570748e+03 2.727349e+04 -5.072205e+00 6.848393e+01 5.269312e+00
451            -1.447209e+04 -1.502228e+03 2.727774e+04 -1.446702e+04 -1.570668e+03 2.727246e+04 -5.069399e+00 6.844033e+01 5.282932e+00
452            -1.447207e+04 -1.502205e+03 2.727803e+04 -1.446700e+04 -1.570689e+03 2.727276e+04 -5.072124e+00 6.848440e+01 5.269520e+00
453            -1.447170e+04 -1.502181e+03 2.727693e+04 -1.446663e+04 -1.570623e+03 2.727164e+04 -5.069490e+00 6.844251e+01 5.282345e+00
454            -1.447172e+04 -1.502167e+03 2.727722e+04 -1.446665e+04 -1.570653e+03 2.727195e+04 -5.072208e+00 6.848646e+01 5.269017e+00
455            -1.447141e+04 -1.502146e+03 2.727620e+04 -1.446634e+04 -1.570591e+03 2.727091e+04 -5.069614e+00 6.844455e+01 5.281862e+00
456            -1.447144e+04 -1.502113e+03 2.727646e+04 -1.446637e+04 -1.570602e+03 2.727119e+04 -5.072288e+00 6.848857e+01 5.268449e+00
457            -1.447128e+04 -1.502111e+03 2.727603e+04 -1.446621e+04 -1.570557e+03 2.727074e+04 -5.069670e+00 6.844609e+01 5.281595e+00
458            -1.447128e+04 -1.502088e+03 2.727619e+04 -1.446621e+04 -1.570578e+03 2.727092e+04 -5.072541e+00 6.849047e+01 5.267859e+00
459            -1.447106e+04 -1.502090e+03 2.727557e+04 -1.446599e+04 -1.570538e+03 2.727029e+04 -5.069856e+00 6.844815e+01 5.280835e+00
460            -1.447093e+04 -1.502072e+03 2.727549e+04 -1.446586e+04 -1.570564e+03 2.727022e+04 -5.072491e+00 6.849222e+01 5.267103e+00
461            -1.447046e+04 -1.502033e+03 2.727408e+04 -1.446539e+04 -1.570484e+03 2.726880e+04 -5.069928e+00 6.845126e+01 5.279604e+00
462            -1.447049e+04 -1.501999e+03 2.727441e+04 -1.446542e+04 -1.570493e+03 2.726914e+04 -5.072487e+00 6.849414e+01 5.266663e+00
463            -1.447024e+04 -1.501978e+03 2.727357e+04 -1.446517e+04 -1.570431e+03 2.726829e+04 -5.070060e+00 6.845350e+01 5.279026e+00
464            -1.447041e+04 -1.501970e+03 2.727423e+04 -1.446533e+04 -1.570467e+03 2.726897e+04 -5.072722e+00 6.849634e+01 5.265971e+00
465            -1.447028e+04 -1.501986e+03 2.727378e+04 -1.446521e+04 -1.570442e+03 2.726850e+04 -5.070291e+00 6.845574e+01 5.278070e+00
466            -1.447031e+04 -1.501964e+03 2.727401e+04 -1.446523e+04 -1.570463e+03 2.726875e+04 -5.072855e+00 6.849900e+01 5.264592e+00
467            -1.447002e+04 -1.501917e+03 2.727335e+04 -1.446495e+04 -1.570375e+03 2.726807e+04 -5.070119e+00 6.845784e+01 5.277119e+00
468            -1.447015e+04 -1.501888e+03 2.727412e+04 -1.446508e+04 -1.570388e+03 2.726886e+04 -5.072677e+00 6.850031e+01 5.264293e+00
469            -1.447004e+04 -1.501905e+03 2.727368e+04 -1.446497e+04 -1.570365e+03 2.726841e+04 -5.070432e+00 6.846046e+01 5.276356e+00
470            -1.447009e+04 -1.501896e+03 2.727385e+04 -1.446501e+04 -1.570399e+03 2.726859e+04 -5.073078e+00 6.850314e+01 5.263295e+00
471            -1.446977e+04 -1.501885e+03 2.727284e+04 -1.446470e+04 -1.570347e+03 2.726756e+04 -5.070451e+00 6.846237e+01 5.275608e+00
472            -1.446982e+04 -1.501871e+03 2.727326e+04 -1.446475e+04 -1.570376e+03 2.726800e+04 -5.072883e+00 6.850429e+01 5.262628e+00
473            -1.446951e+04 -1.501867e+03 2.727228e+04 -1.446444e+04 -1.570332e+03 2.726701e+04 -5.070497e+00 6.846497e+01 5.274121e+00
474            -1.446962e+04 -1.501859e+03 2.727286e+04 -1.446455e+04 -1.570365e+03 2.726760e+04 -5.072927e+00 6.850661e+01 5.261372e+00
475            -1.446940e+04 -1.501846e+03 2.727215e+04 -1.446433e+04 -1.570314e+03 2.726687e+04 -5.070512e+00 6.846732e+01 5.273003e+00
476            -1.446958e+04 -1.501829e+03 2.727295e+04 -1.446451e+04 -1.570338e+03 2.726769e+04 -5.072987e+00 6.850883e+01 5.260466e+00
477            -1.446940e+04 -1.501818e+03 2.727230e+04 -1.446433e+04 -1.570287e+03 2.726703e+04 -5.070620e+00 6.846969e+01 5.272018e+00
478            -1.446951e+04 -1.501792e+03 2.727275e+04 -1.446444e+04 -1.570303e+03 2.726749e+04 -5.073040e+00 6.851110e+01 5.259384e+00
479            -1.446941e+04 -1.501803e+03 2.727243e+04 -1.446434e+04 -1.570274e+03 2.726716e+04 -5.070573e+00 6.847132e+01 5.271150e+00
480            -1.446953e+04 -1.501818e+03 2.727290e+04 -1.446446e+04 -1.570332e+03 2.726764e+04 -5.073135e+00 6.851329e+01 5.258027e+00
481            -1.446923e+04 -1.501820e+03 2.727185e+04 -1.446416e+04 -1.570295e+03 2.726658e+04 -5.070701e+00 6.847435e+01 5.269344e+00
482            -1.446933e+04 -1.501802e+03 2.727238e+04 -1.446425e+04 -1.570317e+03 2.726712e+04 -5.072988e+00 6.851514e+01 5.256950e+00
483            -1.446909e+04 -1.501788e+03 2.727157e+04 -1.446402e+04 -1.570264e+03 2.726630e+04 -5.070618e+00 6.847647e+01 5.268285e+00
484            -1.446927e+04 -1.501782e+03 2.727228e+04 -1.446420e+04 -1.570300e+03 2.726702e+04 -5.073069e+00 6.851733e+01 5.255917e+00
485            -1.446908e+04 -1.501788e+03 2.727153e+04 -1.446401e+04 -1.570266e+03 2.726627e+04 -5.070753e+00 6.847871e+01 5.267144e+00
486            -1.446925e+04 -1.501788e+03 2.727226e+04 -1.446418e+04 -1.570307e+03 2.726700e+04 -5.073148e+00 6.851932e+01 5.254764e+00
487            -1.446912e+04 -1.501805e+03 2.727179e+04 -1.446405e+04 -1.570286e+03 2.726652e+04 -5.070782e+00 6.848073e+01 5.265861e+00
488            -1.446918e+04 -1.501786e+03 2.727210e+04 -1.446411e+04 -1.570308e+03 2.726685e+04 -5.073166e+00 6.852190e+01 5.253150e+00
489            -1.446906e+04 -1.501789e+03 2.727174e+04 -1.446399e+04 -1.570272e+03 2.726648e+04 -5.070648e+00 6.848273e+01 5.264742e+00
490            -1.446924e+04 -1.501779e+03 2.727250e+04 -1.446417e+04 -1.570303e+03 2.726725e+04 -5.073148e+00 6.852384e+01 5.252192e+00
491            -1.446905e+04 -1.501776e+03 2.727176e+04 -1.446398e+04 -1.570262e+03 2.726650e+04 -5.070884e+00 6.848568e+01 5.263334e+00
492            -1.446918e+04 -1.501754e+03 2.727225e+04 -1.446410e+04 -1.570279e+03 2.726700e+04 -5.073175e+00 6.852564e+01 5.251269e+00
493            -1.446912e+04 -1.501768e+03 2.727199e+04 -1.446404e+04 -1.570255e+03 2.726673e+04 -5.070820e+00 6.848687e+01 5.262602e+00
494            -1.446933e+04 -1.501791e+03 2.727270e+04 -1.446426e+04 -1.570318e+03 2.726745e+04 -5.073288e+00 6.852739e+01 5.250016e+00
495            -1.446911e+04 -1.501801e+03 2.727186e+04 -1.446404e+04 -1.570291e+03 2.726659e+04 -5.070910e+00 6.848934e+01 5.260830e+00
496            -1.446928e+04 -1.501788e+03 2.727262e+04 -1.446421e+04 -1.570317e+03 2.726737e+04 -5.073087e+00 6.852878e+01 5.248917e+00
497            -1.446910e+04 -1.501778e+03 2.727200e+04 -1.446403e+04 -1.570269e+03 2.726674e+04 -5.070774e+00 6.849104e+01 5.259818e+00
498            -1.446934e+04 -1.501776e+03 2.727293e+04 -1.446427e+04 -1.570307e+03 2.726768e+04 -5.073145e+00 6.853061e+01 5.248013e+00
499            -1.446920e+04 -1.501789e+03 2.727229e+04 -1.446413e+04 -1.570282e+03 2.726704e+04 -5.070902e+00 6.849290e+01 5.258829e+00
500            -1.446942e+04 -1.501796e+03 2.727311e+04 -1.446434e+04 -1.570329e+03 2.726787e+04 -5.073210e+00 6.853228e+01 5.246907e+00
