/*--------------------------------*- C++ -*----------------------------------*\
| =========                 |                                                 |
| \\      /  F ield         | OpenFOAM: The Open Source CFD Toolbox           |
|  \\    /   O peration     | Version:  2312                                  |
|   \\  /    A nd           | Website:  www.openfoam.com                      |
|    \\/     M anipulation  |                                                 |
\*---------------------------------------------------------------------------*/
FoamFile
{
    version     2.0;
    format      ascii;
    arch        "LSB;label=32;scalar=64";
    class       volScalarField;
    location    "250";
    object      p;
}
// * * * * * * * * * * * * * * * * * * * * * * * * * * * * * * * * * * * * * //

dimensions      [0 2 -2 0 0 0 0];

internalField   nonuniform List<scalar> 
11040
(
-34.684
-33.0797
-30.7915
-30.8797
-30.4465
-30.126
-29.8782
-29.697
-29.5573
-29.4333
-29.331
-29.2566
-29.1971
-29.1737
-29.1781
-29.2281
-29.3228
-29.4959
-29.7573
-30.1675
-30.7375
-31.4615
-32.3339
-33.3891
-34.6148
-35.9751
-37.4057
-38.8687
-40.2188
-41.4017
-42.23
-42.6592
-42.4735
-41.6217
-39.9349
-37.5168
-34.49
-31.059
-27.2149
-24.1761
-25.3362
-20.0521
-25.5979
-30.2924
-30.6499
-30.4634
-30.1421
-29.8915
-29.7047
-29.5638
-29.4378
-29.3317
-29.2546
-29.1919
-29.1639
-29.1644
-29.2092
-29.2984
-29.4633
-29.7155
-30.1146
-30.674
-31.3877
-32.2496
-33.2944
-34.5113
-35.8651
-37.2943
-38.7604
-40.1237
-41.3251
-42.1812
-42.641
-42.494
-41.6826
-40.0452
-37.6742
-34.6905
-31.3014
-27.5293
-24.5872
-26.1313
-10.9835
-18.1717
-26.4244
-30.0006
-30.3117
-30.1334
-29.8942
-29.7001
-29.5613
-29.4363
-29.3273
-29.2489
-29.1848
-29.153
-29.1514
-29.1919
-29.2776
-29.435
-29.6793
-30.066
-30.6139
-31.3192
-32.1725
-33.2069
-34.4145
-35.7603
-37.1864
-38.6511
-40.0232
-41.236
-42.115
-42.5998
-42.4924
-41.7261
-40.1492
-37.8394
-34.9168
-31.5887
-27.9212
-25.1048
-26.7685
-6.05401
-13.7701
-20.9404
-27.0134
-29.6795
-29.9706
-29.8798
-29.6911
-29.5525
-29.4293
-29.3151
-29.2342
-29.1681
-29.1306
-29.1263
-29.1612
-29.2438
-29.3939
-29.6312
-30.0056
-30.5415
-31.2383
-32.0847
-33.1105
-34.3093
-35.6478
-37.0722
-38.5364
-39.9206
-41.1485
-42.0592
-42.5778
-42.5245
-41.8185
-40.3215
-38.0919
-35.2507
-31.9995
-28.4603
-25.7861
-27.1782
-2.05131
-9.02686
-15.8748
-22.2078
-26.9923
-29.2594
-29.6217
-29.673
-29.5537
-29.429
-29.2996
-29.2145
-29.146
-29.1006
-29.0917
-29.1181
-29.1948
-29.3351
-29.5631
-29.9222
-30.4439
-31.1299
-31.9679
-32.9839
-34.1737
-35.5057
-36.9308
-38.3983
-39.8005
-41.0516
-42.0045
-42.5703
-42.5885
-41.9641
-40.5723
-38.4499
-35.7176
-32.5678
-29.183
-26.6543
-27.4632
0.515985
-5.16964
-11.3567
-17.4295
-22.6402
-26.5522
-28.6906
-29.3201
-29.4932
-29.4467
-29.296
-29.1944
-29.1212
-29.0657
-29.0522
-29.0682
-29.1375
-29.2659
-29.4821
-29.8234
-30.328
-31.0007
-31.829
-32.8347
-34.0147
-35.3409
-36.7678
-38.2428
-39.6682
-40.9522
-41.9589
-42.5889
-42.6989
-42.183
-40.926
-38.9436
-36.3514
-33.3306
-30.1217
-27.712
-27.7518
2.17751
-2.45243
-7.59088
-13.0321
-18.1866
-22.5141
-25.8868
-28.0462
-29.0106
-29.2335
-29.3112
-29.1984
-29.1066
-29.0248
-29.0069
-29.0115
-29.0729
-29.1875
-29.3895
-29.71
-30.1939
-30.8499
-31.665
-32.6579
-33.8267
-35.1472
-36.5776
-38.0662
-39.5227
-40.8539
-41.93
-42.6476
-42.8746
-42.5021
-41.4163
-39.6152
-37.1984
-34.3379
-31.3176
-28.9661
-28.181
3.20324
-0.603406
-4.77345
-9.31085
-14.0037
-18.3963
-22.1165
-25.105
-27.3011
-28.5261
-28.9058
-29.1183
-29.1269
-29.0052
-28.9677
-28.9491
-29.0024
-29.1024
-29.2887
-29.5862
-30.046
-30.6808
-31.479
-32.457
-33.6139
-34.9292
-36.366
-37.8748
-39.373
-40.7671
-41.9344
-42.7671
-43.1445
-42.9561
-42.0881
-40.516
-38.3182
-35.6517
-32.8189
-30.438
-28.8772
3.77346
0.59821
-2.80277
-6.49718
-10.4433
-14.4665
-18.2755
-21.5697
-24.2795
-26.4271
-27.8226
-28.547
-28.7904
-28.988
-28.9748
-28.908
-28.9355
-29.0105
-29.1805
-29.4531
-29.8846
-30.4928
-31.2695
-32.2297
-33.3748
-34.6876
-36.1367
-37.6746
-39.2284
-40.7052
-41.9911
-42.9732
-43.541
-43.5847
-42.9902
-41.7051
-39.7777
-37.3426
-34.6804
-32.1859
-29.9738
4.01537
1.32535
-1.47498
-4.49493
-7.73504
-11.1412
-14.612
-17.9598
-20.9377
-23.4263
-25.4341
-26.9686
-27.947
-28.4369
-28.7084
-28.9109
-28.9239
-28.9413
-29.0743
-29.3122
-29.7127
-30.2903
-31.0415
-31.9823
-33.1175
-34.4338
-35.9028
-37.4855
-39.1106
-40.6983
-42.1324
-43.3085
-44.1106
-44.4428
-44.1801
-43.2488
-41.6487
-39.4861
-36.9678
-34.3172
-31.6182
4.01686
1.70774
-0.637128
-3.1231
-5.78713
-8.61177
-11.5589
-14.5662
-17.5147
-20.2253
-22.5322
-24.4308
-25.9943
-27.1678
-27.9342
-28.3561
-28.6941
-28.9423
-29.0409
-29.2018
-29.5444
-30.079
-30.8028
-31.7264
-32.8565
-34.1839
-35.6904
-37.3317
-39.0597
-40.7814
-42.4112
-43.8212
-44.921
-45.5906
-45.7296
-45.2148
-44.0172
-42.1641
-39.7793
-36.989
-33.9697
3.84789
1.83952
-0.155408
-2.22754
-4.42899
-6.7672
-9.23063
-11.7892
-14.3992
-16.991
-19.4429
-21.6222
-23.4593
-24.9947
-26.266
-27.2392
-27.9142
-28.358
-28.7973
-29.1799
-29.4821
-29.9225
-30.5848
-31.4757
-32.6051
-33.9596
-35.5181
-37.2505
-39.1006
-41.0016
-42.8554
-44.5615
-46.0013
-47.0785
-47.6663
-47.6497
-46.9248
-45.4533
-43.2386
-40.4043
-37.1864
3.5616
1.79565
0.0732002
-1.68048
-3.5179
-5.4599
-7.51243
-9.66465
-11.8929
-14.1622
-16.4288
-18.6333
-20.6885
-22.4982
-24.0277
-25.3275
-26.423
-27.3033
-27.9777
-28.522
-29.1606
-29.8725
-30.5639
-31.3791
-32.4507
-33.7981
-35.3949
-37.2256
-39.222
-41.33
-43.4439
-45.4823
-47.3101
-48.8383
-49.9205
-50.4356
-50.2271
-49.191
-47.2333
-44.4785
-41.1507
3.19973
1.6335
0.127377
-1.37892
-2.93311
-4.55996
-6.27391
-8.076
-9.96016
-11.9043
-13.8805
-15.8647
-17.8349
-19.7411
-21.5094
-23.0725
-24.4193
-25.599
-26.6358
-27.5401
-28.3457
-29.0993
-30.0508
-31.2682
-32.5876
-33.9732
-35.5595
-37.3896
-39.4611
-41.6777
-43.9911
-46.2743
-48.4502
-50.3557
-51.8845
-52.8408
-53.088
-52.4535
-50.8181
-48.2136
-44.828
2.79451
1.39702
0.0675327
-1.24234
-2.57451
-3.95185
-5.39321
-6.90442
-8.4892
-10.1386
-11.8377
-13.5669
-15.3156
-17.0671
-18.804
-20.4908
-22.0791
-23.5271
-24.843
-26.0728
-27.2852
-28.377
-29.3735
-30.482
-31.8423
-33.5548
-35.5686
-37.7565
-40.0174
-42.339
-44.7047
-47.0792
-49.3509
-51.4076
-53.0883
-54.2469
-54.6979
-54.276
-52.8102
-50.2513
-46.7461
2.37617
1.12454
-0.0573878
-1.20828
-2.36387
-3.54405
-4.76723
-6.04228
-7.37664
-8.76785
-10.2123
-11.6993
-13.223
-14.7677
-16.3263
-17.8905
-19.4569
-21.011
-22.5381
-24.0241
-25.5196
-26.9791
-28.3683
-29.7983
-31.3521
-33.085
-35.0098
-37.1442
-39.4707
-41.9624
-44.5241
-47.057
-49.4084
-51.4632
-53.0658
-54.0947
-54.421
-53.9386
-52.4431
-49.8096
-46.2363
1.9777
0.855192
-0.199936
-1.2188
-2.23118
-3.2538
-4.30279
-5.3875
-6.517
-7.69146
-8.91211
-10.1751
-11.4809
-12.82
-14.1856
-15.568
-16.9664
-18.3815
-19.8228
-21.2989
-22.828
-24.3778
-25.9262
-27.5266
-29.226
-31.0584
-33.0188
-35.1058
-37.2848
-39.5259
-41.7456
-43.8646
-45.749
-47.2947
-48.3516
-48.7986
-48.4864
-47.3437
-45.3493
-42.5446
-39.1199
1.62719
0.614292
-0.334794
-1.24622
-2.14447
-3.04397
-3.95822
-4.89561
-5.86516
-6.86873
-7.90867
-8.98422
-10.0982
-11.2464
-12.4263
-13.631
-14.8567
-16.1005
-17.3642
-18.6546
-19.9812
-21.3177
-22.6421
-23.973
-25.3224
-26.712
-28.1426
-29.6148
-31.0953
-32.5528
-33.9182
-35.1315
-36.0983
-36.7504
-36.9974
-36.7882
-36.0747
-34.8555
-33.1426
-30.9984
-28.519
1.33059
0.409332
-0.451633
-1.27491
-2.08089
-2.88222
-3.69044
-4.51324
-5.35849
-6.22928
-7.12771
-8.05414
-9.01126
-9.99775
-11.0127
-12.0528
-13.1152
-14.1965
-15.2938
-16.4058
-17.5309
-18.6345
-19.6899
-20.7084
-21.6908
-22.6452
-23.5646
-24.4454
-25.2642
-26.004
-26.6261
-27.1029
-27.3905
-27.4619
-27.2826
-26.8429
-26.1364
-25.1701
-23.9595
-22.544
-20.9667
1.08523
0.242609
-0.542919
-1.29192
-2.02088
-2.74141
-3.46315
-4.19329
-4.93809
-5.7014
-6.4849
-7.28951
-8.11715
-8.96745
-9.83967
-10.7321
-11.6419
-12.5665
-13.5022
-14.4467
-15.3953
-16.3148
-17.1774
-17.9865
-18.7352
-19.4248
-20.0462
-20.5961
-21.0581
-21.4242
-21.6743
-21.7991
-21.7809
-21.613
-21.2858
-20.8019
-20.1661
-19.3837
-18.4706
-17.4495
-16.3441
0.882272
0.109481
-0.610695
-1.295
-1.95826
-2.6098
-3.25895
-3.9114
-4.57292
-5.24648
-5.93426
-6.6371
-7.35614
-8.09136
-8.84129
-9.60542
-10.3799
-11.1635
-11.9502
-12.7387
-13.5204
-14.2696
-14.9602
-15.5949
-16.1625
-16.6648
-17.0914
-17.4425
-17.7059
-17.8807
-17.9561
-17.9313
-17.8003
-17.5637
-17.2219
-16.7798
-16.2463
-15.6266
-14.9363
-14.1887
-13.4026
0.716457
0.00494867
-0.656638
-1.28444
-1.88966
-2.4817
-3.06788
-3.65407
-4.24443
-4.84199
-5.44848
-6.06475
-6.69172
-7.32861
-7.97456
-8.62753
-9.28579
-9.94538
-10.6031
-11.2531
-11.8907
-12.4893
-13.0339
-13.5197
-13.9439
-14.3013
-14.5913
-14.8086
-14.9529
-15.0198
-15.0097
-14.9215
-14.7571
-14.5185
-14.2096
-13.8372
-13.4075
-12.9285
-12.4081
-11.859
-11.2873
0.580709
-0.0750028
-0.684422
-1.26136
-1.81538
-2.35461
-2.88586
-3.41412
-3.94303
-4.47504
-5.01146
-5.55321
-6.10093
-6.65361
-7.2101
-7.7682
-8.32611
-8.88004
-9.42674
-9.96043
-10.4763
-10.9523
-11.3775
-11.7481
-12.062
-12.3155
-12.5095
-12.6414
-12.7121
-12.7212
-12.6704
-12.5615
-12.3974
-12.1822
-11.9192
-11.6154
-11.2752
-10.9048
-10.5085
-10.0959
-9.66982
0.471344
-0.134656
-0.696609
-1.22792
-1.73588
-2.22817
-2.71065
-3.18793
-3.66298
-4.13783
-4.61353
-5.09074
-5.57005
-6.05018
-6.53011
-7.00709
-7.47975
-7.94409
-8.39754
-8.83418
-9.25013
-9.62714
-9.95812
-10.24
-10.4718
-10.6513
-10.78
-10.8574
-10.8851
-10.8645
-10.7977
-10.6882
-10.5382
-10.3527
-10.1338
-9.88851
-9.61869
-9.3307
-9.0263
-8.71335
-8.39247
0.383046
-0.176833
-0.696175
-1.18595
-1.65257
-2.10262
-2.5417
-2.9737
-3.40125
-3.82599
-4.24867
-4.66983
-5.08963
-5.50743
-5.9214
-6.32971
-6.72982
-7.1194
-7.49468
-7.8521
-8.18648
-8.48525
-8.74203
-8.95678
-9.12745
-9.25469
-9.3391
-9.38217
-9.3856
-9.35132
-9.28241
-9.18109
-9.05145
-8.8953
-8.71768
-8.52055
-8.30926
-8.08421
-7.85101
-7.61075
-7.36835
0.313442
-0.205236
-0.685348
-1.13749
-1.56656
-1.97862
-2.37872
-2.77036
-3.15575
-3.53628
-3.9125
-4.28468
-4.653
-5.01681
-5.37445
-5.72412
-6.06343
-6.39026
-6.70144
-6.9939
-7.26343
-7.50016
-7.70027
-7.8641
-7.99074
-8.081
-8.13642
-8.15853
-8.14953
-8.11118
-8.04677
-7.95806
-7.84882
-7.72042
-7.57712
-7.42014
-7.25378
-7.07805
-6.89743
-6.71221
-6.52638
0.258643
-0.221588
-0.666387
-1.08406
-1.4791
-1.85677
-2.22185
-2.57735
-2.92524
-3.26666
-3.60202
-3.93151
-4.25512
-4.57231
-4.88167
-5.18156
-5.46977
-5.74442
-6.00294
-6.24276
-6.46064
-6.64883
-6.80558
-6.93129
-7.02603
-7.09051
-7.12695
-7.13642
-7.12179
-7.08417
-7.02696
-6.95116
-6.86059
-6.75583
-6.64074
-6.51575
-6.38464
-6.24688
-6.10631
-5.96255
-5.8191
0.217056
-0.228872
-0.640731
-1.02717
-1.39116
-1.73775
-2.0712
-2.3943
-2.70873
-3.01545
-3.31485
-3.60696
-3.89172
-4.16862
-4.43668
-4.69427
-4.93964
-5.17095
-5.38634
-5.58362
-5.76041
-5.91083
-6.03426
-6.13165
-6.203
-6.24984
-6.27354
-6.27636
-6.25959
-6.22577
-6.1761
-6.11344
-6.03882
-5.95491
-5.86243
-5.76407
-5.66026
-5.55304
-5.44277
-5.33172
-5.21987
0.185771
-0.227905
-0.61036
-0.96798
-1.30373
-1.62205
-1.92694
-2.22088
-2.50537
-2.78125
-3.04885
-3.3082
-3.55912
-3.80129
-4.03391
-4.25565
-4.46501
-4.66046
-4.84051
-5.00355
-5.14775
-5.26879
-5.36684
-5.4431
-5.49774
-5.53237
-5.54828
-5.54766
-5.53155
-5.50227
-5.46077
-5.40949
-5.34917
-5.28199
-5.20844
-5.13071
-5.04899
-4.96495
-4.87871
-4.79217
-4.70508
0.163674
-0.221306
-0.576055
-0.907638
-1.2175
-1.51013
-1.78914
-2.0568
-2.31445
-2.56285
-2.8023
-3.03285
-3.25433
-3.4665
-3.66869
-3.85999
-4.03907
-4.2048
-4.35587
-4.49132
-4.60959
-4.70783
-4.78645
-4.84708
-4.8896
-4.91601
-4.92711
-4.92523
-4.91091
-4.8865
-4.85247
-4.8111
-4.76268
-4.70927
-4.65098
-4.58977
-4.52551
-4.45977
-4.39233
-4.32499
-4.2572
0.148641
-0.209199
-0.53943
-0.84671
-1.13308
-1.40229
-1.65782
-1.90174
-2.13528
-2.35913
-2.57361
-2.77879
-2.97457
-3.16069
-3.33678
-3.50212
-3.65578
-3.79671
-3.9241
-4.03704
-4.13486
-4.21502
-4.27901
-4.32761
-4.3617
-4.38208
-4.39069
-4.38834
-4.37677
-4.35661
-4.32966
-4.29637
-4.2584
-4.21593
-4.17057
-4.12232
-4.0726
-4.02106
-3.96914
-3.91665
-3.86469
0.13999
-0.193792
-0.500675
-0.786206
-1.05091
-1.29876
-1.53294
-1.75536
-1.96715
-2.16899
-2.36124
-2.54397
-2.71721
-2.88069
-3.03425
-3.17744
-3.30958
-3.42982
-3.53765
-3.63244
-3.71377
-3.77986
-3.83241
-3.87212
-3.89991
-3.9165
-3.92358
-3.92181
-3.91279
-3.89696
-3.87589
-3.84984
-3.82027
-3.7872
-3.75201
-3.71458
-3.67617
-3.63637
-3.59639
-3.55609
-3.51623
0.13605
-0.174949
-0.461299
-0.726307
-0.971397
-1.19969
-1.41438
-1.61728
-1.8094
-1.99147
-2.16381
-2.32663
-2.47999
-2.62369
-2.75778
-2.88196
-2.99584
-3.09871
-3.19035
-3.27017
-3.33824
-3.39309
-3.43675
-3.46965
-3.49284
-3.50672
-3.51307
-3.5122
-3.50569
-3.4937
-3.4777
-3.45771
-3.43509
-3.40971
-3.38282
-3.35416
-3.32489
-3.29453
-3.2642
-3.23374
-3.20363
0.136409
-0.154432
-0.421089
-0.667873
-0.894646
-1.10509
-1.30199
-1.48709
-1.66139
-1.82558
-1.98008
-2.12513
-2.26087
-2.38728
-2.50439
-2.61219
-2.71038
-2.79865
-2.8766
-2.94427
-3.00141
-3.04747
-3.0839
-3.11179
-3.13129
-3.14362
-3.1494
-3.14986
-3.14533
-3.13694
-3.12491
-3.11028
-3.09312
-3.07437
-3.05396
-3.03281
-3.01068
-2.98838
-2.9655
-2.94341
-2.92082
0.139785
-0.131975
-0.381387
-0.610753
-0.821056
-1.01504
-1.19563
-1.36443
-1.52247
-1.67045
-1.80884
-1.93796
-2.05804
-2.16913
-2.27135
-2.36488
-2.44958
-2.52531
-2.59183
-2.64922
-2.69737
-2.7361
-2.76684
-2.79057
-2.80741
-2.81839
-2.82405
-2.8255
-2.82299
-2.81745
-2.80903
-2.79861
-2.78624
-2.77267
-2.75783
-2.74249
-2.72642
-2.71032
-2.69376
-2.67809
-2.66181
0.145899
-0.10904
-0.341872
-0.555877
-0.7507
-0.929594
-1.09512
-1.24898
-1.39209
-1.52529
-1.64904
-1.76379
-1.86978
-1.96725
-2.05634
-2.13731
-2.21027
-2.27517
-2.33185
-2.38052
-2.42117
-2.45382
-2.47987
-2.5002
-2.51483
-2.52474
-2.5304
-2.5327
-2.53185
-2.52863
-2.52315
-2.51615
-2.50764
-2.49828
-2.48797
-2.47737
-2.46624
-2.45524
-2.44388
-2.43356
-2.42257
0.153718
-0.0853722
-0.303757
-0.503038
-0.683841
-0.848753
-1.00041
-1.14036
-1.26981
-1.38933
-1.49975
-1.60134
-1.69466
-1.77983
-1.8572
-1.92704
-1.9897
-2.04514
-2.09338
-2.13462
-2.16894
-2.1965
-2.21869
-2.2362
-2.24912
-2.25818
-2.26384
-2.26683
-2.26735
-2.26601
-2.26292
-2.25872
-2.25337
-2.24744
-2.24081
-2.23406
-2.22696
-2.22011
-2.21297
-2.20699
-2.20024
0.163065
-0.0621741
-0.266736
-0.452981
-0.620653
-0.772542
-0.911259
-1.03838
-1.15501
-1.26201
-1.36002
-1.44964
-1.53128
-1.60534
-1.67209
-1.732
-1.7854
-1.83243
-1.87315
-1.90776
-1.9365
-1.95949
-1.9782
-1.99303
-2.00424
-2.01224
-2.01768
-2.02091
-2.0224
-2.02232
-2.02116
-2.01898
-2.01626
-2.01291
-2.00941
-2.00563
-2.00201
-1.99837
-1.99497
-1.99237
-1.98942
0.173159
-0.0391493
-0.231697
-0.405573
-0.561229
-0.701162
-0.827757
-0.9428
-1.04743
-1.14264
-1.22915
-1.30762
-1.37853
-1.44239
-1.49948
-1.55039
-1.5955
-1.63506
-1.66913
-1.69799
-1.72184
-1.74089
-1.75654
-1.76913
-1.77883
-1.78602
-1.79121
-1.79473
-1.79694
-1.798
-1.79829
-1.79788
-1.79712
-1.79596
-1.79479
-1.79348
-1.79241
-1.7914
-1.79065
-1.79079
-1.79045
0.183876
-0.0171919
-0.198282
-0.361125
-0.505625
-0.634364
-0.749791
-0.853489
-0.946876
-1.03089
-1.10653
-1.17446
-1.23535
-1.28966
-1.3378
-1.38032
-1.41767
-1.4502
-1.47806
-1.50148
-1.52069
-1.53598
-1.54858
-1.55884
-1.56682
-1.5729
-1.57746
-1.58083
-1.58327
-1.58497
-1.58618
-1.58698
-1.58766
-1.58819
-1.58884
-1.58951
-1.5905
-1.59169
-1.59316
-1.59561
-1.59753
0.194516
0.00374472
-0.167379
-0.319682
-0.453732
-0.571982
-0.676773
-0.769974
-0.852738
-0.926431
-0.991693
-1.04971
-1.10094
-1.14637
-1.18616
-1.22114
-1.25147
-1.27777
-1.29996
-1.31854
-1.33354
-1.34548
-1.35533
-1.3635
-1.36994
-1.37505
-1.37907
-1.38231
-1.38494
-1.38713
-1.38907
-1.39082
-1.3926
-1.39439
-1.39638
-1.39851
-1.401
-1.40376
-1.40679
-1.41087
-1.41432
0.204873
0.0226477
-0.139367
-0.282386
-0.406593
-0.514645
-0.609002
-0.691689
-0.76428
-0.828003
-0.883816
-0.932464
-0.974738
-1.01128
-1.04286
-1.0701
-1.09373
-1.11398
-1.13111
-1.14512
-1.15635
-1.16495
-1.17212
-1.17791
-1.18253
-1.1861
-1.18904
-1.19147
-1.19365
-1.19565
-1.19763
-1.1997
-1.20196
-1.20448
-1.20727
-1.21047
-1.21399
-1.21805
-1.22225
-1.22773
-1.23238
0.214192
0.039515
-0.114796
-0.24946
-0.36503
-0.463819
-0.548306
-0.620541
-0.682472
-0.735717
-0.781673
-0.821302
-0.855404
-0.884341
-0.9086
-0.928529
-0.944974
-0.958426
-0.969469
-0.978236
-0.985138
-0.990274
-0.994698
-0.998375
-1.00149
-1.00406
-1.00641
-1.00857
-1.01078
-1.01301
-1.01543
-1.01807
-1.02101
-1.02428
-1.02791
-1.03196
-1.03638
-1.04132
-1.04643
-1.05274
-1.05824
0.222088
0.0540795
-0.0925263
-0.219058
-0.326406
-0.417001
-0.49319
-0.556772
-0.609458
-0.652745
-0.688186
-0.717235
-0.741442
-0.761909
-0.77957
-0.794637
-0.80738
-0.817627
-0.825609
-0.831344
-0.835312
-0.837663
-0.839423
-0.840558
-0.841327
-0.841722
-0.84212
-0.842515
-0.84316
-0.844016
-0.845282
-0.846921
-0.849067
-0.851688
-0.854866
-0.858581
-0.862847
-0.867721
-0.87295
-0.879349
-0.885155
0.229121
0.0665312
-0.0728654
-0.1906
-0.288147
-0.368762
-0.435411
-0.490539
-0.535962
-0.572897
-0.602166
-0.624241
-0.639742
-0.649357
-0.654342
-0.65615
-0.656517
-0.65627
-0.655803
-0.654957
-0.653894
-0.652544
-0.651651
-0.65104
-0.650822
-0.650829
-0.651299
-0.652101
-0.653426
-0.655128
-0.657369
-0.66003
-0.663251
-0.666924
-0.671142
-0.675826
-0.681027
-0.68673
-0.692753
-0.699742
-0.706201
0.237
0.0763351
-0.0600817
-0.172556
-0.262214
-0.33197
-0.385392
-0.425974
-0.457001
-0.481431
-0.50151
-0.518976
-0.534726
-0.54891
-0.560937
-0.569615
-0.574359
-0.575613
-0.574454
-0.571572
-0.567626
-0.562947
-0.558269
-0.553614
-0.549247
-0.545139
-0.541588
-0.538513
-0.536149
-0.534347
-0.533329
-0.532923
-0.533339
-0.534382
-0.536249
-0.538728
-0.541996
-0.545875
-0.550375
-0.555823
-0.561097
0.243383
0.0814637
-0.0569039
-0.171807
-0.263335
-0.332997
-0.382982
-0.415596
-0.433503
-0.439038
-0.434912
-0.423308
-0.406902
-0.387761
-0.368493
-0.351005
-0.33632
-0.323919
-0.313341
-0.303936
-0.295746
-0.288495
-0.282602
-0.277874
-0.274269
-0.271641
-0.269973
-0.269194
-0.269218
-0.270024
-0.271482
-0.273625
-0.276288
-0.279551
-0.283218
-0.28742
-0.291941
-0.296956
-0.302125
-0.307967
-0.313454
0.23456
0.0767829
-0.0530188
-0.158713
-0.243475
-0.310544
-0.362772
-0.402565
-0.431864
-0.452366
-0.4654
-0.472273
-0.473914
-0.471393
-0.465357
-0.456648
-0.446481
-0.434512
-0.421169
-0.407658
-0.3943
-0.38171
-0.369568
-0.358147
-0.34731
-0.337437
-0.328358
-0.320394
-0.31333
-0.307478
-0.302585
-0.298959
-0.296304
-0.294925
-0.294486
-0.2953
-0.296986
-0.299877
-0.303485
-0.30841
-0.313542
-22.4238
-17.1138
-16.056
-16.3585
-16.3011
-15.2801
-13.2036
-10.6421
-8.0859
-5.44817
-3.15741
-2.08224
-1.56373
-0.954329
-0.175782
0.651527
1.36856
1.94947
2.34559
2.63523
2.78792
2.88156
2.90417
2.89087
2.83998
2.76699
2.67593
2.54704
2.40677
2.25015
2.10752
1.96054
1.84273
1.75364
1.67675
1.61283
1.55772
1.51457
1.48389
1.46105
1.44869
1.4458
1.4478
1.45285
1.45751
1.48902
1.50185
1.5162
1.54452
1.55908
1.53632
1.53563
1.50022
1.45679
1.39612
1.31541
1.25122
1.16052
1.07433
0.98186
0.889444
0.800885
0.707289
0.624812
0.546024
0.461517
0.397436
0.318145
0.262407
0.199207
0.16081
0.0812929
0.101189
-0.0594409
-23.7363
-18.2122
-16.8696
-16.9497
-16.7568
-15.7197
-13.5683
-10.8678
-8.2205
-5.5072
-3.11384
-1.91716
-1.53328
-1.17429
-0.566365
0.193412
0.910988
1.52119
1.96082
2.29014
2.48292
2.60999
2.66375
2.67837
2.65411
2.60665
2.53994
2.43712
2.3234
2.18975
2.0604
1.91844
1.80178
1.71227
1.63522
1.57153
1.51738
1.47607
1.44743
1.42732
1.41779
1.41747
1.42222
1.43036
1.44029
1.47517
1.49311
1.515
1.54888
1.56894
1.5532
1.55707
1.52599
1.4853
1.42634
1.34813
1.28336
1.19239
1.10525
1.01111
0.917306
0.826106
0.730952
0.646565
0.565183
0.479455
0.412241
0.331944
0.274274
0.209875
0.169082
0.0885889
0.106591
-0.0566218
-24.4945
-19.4783
-17.8388
-17.6881
-17.3383
-16.2391
-14.0324
-11.1682
-8.37721
-5.59093
-3.10981
-1.80245
-1.53225
-1.38116
-0.920839
-0.224347
0.485135
1.11353
1.58451
1.94385
2.16836
2.32276
2.40276
2.44189
2.44182
2.41821
2.37469
2.29664
2.20926
2.1039
1.99839
1.87173
1.76108
1.67207
1.59466
1.53101
1.47773
1.43815
1.41138
1.39377
1.38683
1.38896
1.39601
1.40755
1.42173
1.45983
1.48318
1.51131
1.55024
1.57602
1.56708
1.57537
1.54884
1.51094
1.45405
1.37837
1.31308
1.22222
1.13411
1.03868
0.943312
0.850107
0.753414
0.66705
0.583439
0.496218
0.426504
0.345131
0.285594
0.219942
0.177035
0.0955884
0.111705
-0.0538878
-25.1413
-20.7122
-18.877
-18.5329
-18.081
-16.8579
-14.5905
-11.5576
-8.56111
-5.68408
-3.1399
-1.74605
-1.52065
-1.48758
-1.12843
-0.493592
0.191195
0.814869
1.29464
1.66441
1.90429
2.07227
2.16731
2.22132
2.23767
2.23102
2.20557
2.14761
2.08016
1.99736
1.91501
1.81171
1.71573
1.63227
1.55577
1.49172
1.43921
1.40127
1.3761
1.36063
1.35608
1.36046
1.36942
1.38474
1.40206
1.44309
1.47178
1.50478
1.54791
1.57949
1.57693
1.58949
1.56757
1.53265
1.47819
1.40526
1.33955
1.24937
1.16042
1.06423
0.967309
0.872786
0.774601
0.686303
0.600849
0.512006
0.440343
0.357844
0.296514
0.229568
0.184777
0.102354
0.11655
-0.0512937
-25.7243
-21.8251
-19.9074
-19.3907
-18.9151
-17.5895
-15.2121
-12.0308
-8.79514
-5.78918
-3.19728
-1.74803
-1.51671
-1.53236
-1.24238
-0.667225
-0.0213592
0.579828
1.05113
1.41619
1.65867
1.82955
1.93108
1.99313
2.02039
2.02652
2.01606
1.97668
1.92825
1.86563
1.80338
1.72454
1.65117
1.58375
1.51477
1.45202
1.40058
1.36445
1.34081
1.32754
1.32527
1.33179
1.34308
1.36216
1.38264
1.42669
1.4605
1.498
1.54501
1.58218
1.58552
1.60195
1.58456
1.55247
1.50066
1.43004
1.36414
1.27466
1.185
1.08811
0.989838
0.894079
0.794516
0.704348
0.617214
0.526849
0.45339
0.369819
0.306761
0.238553
0.192044
0.108735
0.120993
-0.0488837
-26.2786
-22.831
-20.8946
-20.2176
-19.7484
-18.4213
-15.8943
-12.552
-9.07603
-5.9005
-3.26069
-1.7741
-1.49551
-1.50922
-1.26358
-0.749252
-0.15473
0.407797
0.854861
1.20132
1.43455
1.59805
1.6978
1.76049
1.79289
1.80686
1.80796
1.78483
1.75478
1.71194
1.66835
1.61053
1.5589
1.51381
1.4633
1.40918
1.36087
1.3269
1.30463
1.29326
1.29292
1.3013
1.31517
1.33784
1.36171
1.40868
1.44732
1.48937
1.54007
1.5826
1.59163
1.6117
1.59878
1.56958
1.52064
1.45232
1.3865
1.29793
1.20781
1.11041
1.0111
0.914183
0.813424
0.721547
0.632826
0.541177
0.465915
0.381397
0.316646
0.247249
0.199039
0.114947
0.125177
-0.0465749
-26.849
-23.7689
-21.8076
-20.9523
-20.4562
-19.2233
-16.6165
-13.0787
-9.37974
-6.01631
-3.3086
-1.77821
-1.41611
-1.39242
-1.17945
-0.732914
-0.205464
0.300609
0.707438
1.02138
1.23343
1.3796
1.46876
1.52473
1.55553
1.57184
1.5796
1.56944
1.55587
1.53259
1.50841
1.47134
1.43888
1.41416
1.38747
1.35361
1.31689
1.28775
1.26766
1.25782
1.25893
1.26886
1.28517
1.31099
1.33845
1.38822
1.43161
1.47841
1.533
1.58059
1.59546
1.61903
1.6107
1.58436
1.53843
1.47238
1.40691
1.31931
1.22891
1.13108
1.0309
0.932894
0.831116
0.737657
0.647461
0.554651
0.477631
0.392287
0.325931
0.25541
0.2056
0.120846
0.129013
-0.0443673
-27.504
-24.6945
-22.6529
-21.5591
-20.949
-19.8046
-17.2569
-13.5488
-9.63002
-6.098
-3.30987
-1.71502
-1.24266
-1.16104
-0.976134
-0.607703
-0.163902
0.267986
0.618646
0.886551
1.06585
1.18497
1.25504
1.29678
1.31926
1.33202
1.34115
1.33963
1.33823
1.33218
1.32635
1.31057
1.29728
1.29003
1.28369
1.27328
1.25863
1.24326
1.2293
1.22167
1.22398
1.23517
1.25328
1.28168
1.31238
1.36435
1.41221
1.46349
1.52184
1.57417
1.59503
1.62204
1.61849
1.59517
1.55251
1.48901
1.42421
1.33793
1.24757
1.14964
1.04884
0.950044
0.847468
0.752635
0.661149
0.567331
0.488675
0.402632
0.334755
0.263194
0.211847
0.126499
0.132549
-0.0422577
-28.3554
-25.6992
-23.4838
-22.0211
-21.1402
-19.9666
-17.5504
-13.811
-9.70514
-6.0483
-3.20325
-1.53092
-0.939853
-0.797868
-0.648224
-0.372109
-0.0307616
0.308656
0.586832
0.79591
0.931511
1.01489
1.05805
1.07862
1.0862
1.08939
1.09427
1.09622
1.10265
1.10991
1.12012
1.12487
1.13198
1.14336
1.15569
1.16529
1.1736
1.18054
1.18264
1.18268
1.18751
1.20025
1.21981
1.25027
1.28375
1.33743
1.38939
1.44499
1.50689
1.56375
1.59075
1.6212
1.62252
1.60245
1.56323
1.50253
1.43872
1.35396
1.26389
1.16607
1.06492
0.96551
0.862353
0.766289
0.673679
0.578999
0.498818
0.412207
0.342902
0.27037
0.217608
0.131796
0.135706
-0.0402584
-29.5699
-26.9132
-24.404
-22.4031
-20.9938
-19.5653
-17.1916
-13.572
-9.41104
-5.69483
-2.86005
-1.14101
-0.454032
-0.275916
-0.182496
-0.0194769
0.198438
0.42632
0.615785
0.753531
0.835223
0.875141
0.884643
0.878205
0.865278
0.85367
0.849333
0.84929
0.858611
0.874507
0.896967
0.919462
0.945754
0.976317
1.00804
1.03645
1.06373
1.09121
1.11498
1.13247
1.14647
1.16287
1.18417
1.21644
1.2523
1.30706
1.36258
1.42197
1.48705
1.54806
1.58121
1.61497
1.62131
1.60471
1.5693
1.51168
1.44934
1.36644
1.27712
1.17976
1.07863
0.978983
0.875529
0.778466
0.684971
0.589653
0.508111
0.421087
0.350438
0.277043
0.222962
0.136773
0.138517
-0.0383717
-31.3526
-28.5195
-25.5659
-22.8552
-20.6144
-18.5671
-15.9811
-12.4787
-8.46796
-4.82307
-2.09667
-0.424171
0.288124
0.446109
0.44211
0.460029
0.528637
0.623182
0.70606
0.759603
0.777463
0.767047
0.73719
0.698981
0.660922
0.630067
0.611701
0.604758
0.611924
0.631415
0.661579
0.697618
0.740184
0.788688
0.839792
0.887981
0.933814
0.978592
1.02089
1.05878
1.09054
1.11777
1.14385
1.17833
1.21655
1.27221
1.33086
1.39384
1.46195
1.52696
1.56635
1.6036
1.61505
1.60239
1.57099
1.51689
1.45636
1.37565
1.28742
1.19085
1.09009
0.990431
0.886946
0.78912
0.694935
0.599164
0.516396
0.429114
0.357249
0.283084
0.227806
0.141381
0.140943
-0.036578
-33.9096
-30.7006
-27.1317
-23.5666
-20.2267
-17.1437
-13.9686
-10.3917
-6.62429
-3.24414
-0.750457
0.750176
1.37137
1.42422
1.2565
1.08388
0.967146
0.902694
0.859003
0.81464
0.758739
0.691776
0.618059
0.544738
0.478645
0.425563
0.389882
0.37197
0.37276
0.391112
0.42471
0.469482
0.524196
0.587304
0.655322
0.72234
0.786923
0.848864
0.907104
0.961586
1.01156
1.05587
1.09381
1.13391
1.1752
1.23161
1.293
1.35922
1.43013
1.49893
1.54443
1.5854
1.60199
1.59383
1.56669
1.51669
1.45836
1.38042
1.29374
1.19851
1.09858
0.999347
0.896187
0.797927
0.703346
0.607366
0.523585
0.436245
0.363302
0.288511
0.232159
0.145583
0.142983
-0.0348981
-37.2594
-33.4496
-29.0819
-24.5217
-19.9667
-15.6136
-11.4814
-7.58255
-4.0125
-1.01783
1.13389
2.36171
2.79556
2.66576
2.28113
1.86477
1.52339
1.26785
1.07474
0.916994
0.77724
0.647573
0.526435
0.416041
0.320533
0.243647
0.189101
0.157233
0.148547
0.161633
0.19443
0.243042
0.305248
0.378564
0.459461
0.542152
0.623705
0.702523
0.776824
0.846286
0.911052
0.971211
1.02491
1.07662
1.12477
1.18309
1.24701
1.31635
1.39027
1.46287
1.51477
1.55983
1.5819
1.57889
1.55648
1.51119
1.45563
1.38095
1.29636
1.20291
1.10426
1.00577
0.90327
0.804899
0.710167
0.614225
0.529629
0.442403
0.36854
0.293236
0.235949
0.149385
0.144627
-0.0333081
-40.5173
-36.032
-30.8569
-25.305
-19.6653
-14.1985
-9.18126
-4.81707
-1.32947
1.26171
3.04343
4.04051
4.28843
3.98046
3.38628
2.7362
2.16129
1.70057
1.34198
1.05887
0.826343
0.629093
0.458015
0.309898
0.185189
0.0849006
0.0114003
-0.0351238
-0.0549137
-0.0493312
-0.0204458
0.0282829
0.0938316
0.173001
0.262191
0.355989
0.450599
0.543598
0.632773
0.716871
0.79525
0.868364
0.935584
1.00037
1.05991
1.12386
1.19133
1.26358
1.34055
1.41686
1.47535
1.52488
1.55277
1.55557
1.53844
1.49856
1.44647
1.37579
1.2939
1.20294
1.10612
1.00893
0.907572
0.809534
0.715022
0.619438
0.534311
0.447437
0.372827
0.297181
0.239128
0.152685
0.145848
-0.0318484
-42.1205
-37.1331
-31.4429
-25.3593
-19.2063
-13.3173
-7.99643
-3.49538
0.0324946
2.53802
4.13925
4.97207
5.14796
4.81979
4.18184
3.43808
2.72869
2.11679
1.61704
1.21447
0.890234
0.624731
0.403868
0.219639
0.0671842
-0.0542433
-0.144896
-0.204806
-0.235309
-0.237674
-0.214214
-0.167913
-0.102275
-0.0208529
0.0724698
0.172665
0.275582
0.378393
0.478854
0.575213
0.666126
0.751115
0.829462
0.904474
0.974991
1.04747
1.12141
1.1981
1.27859
1.35893
1.4244
1.47929
1.51372
1.5233
1.5123
1.47868
1.43095
1.36497
1.28658
1.19875
1.10437
1.00896
0.909185
0.811917
0.717933
0.623027
0.537646
0.451319
0.376178
0.300346
0.241687
0.155541
0.146665
-0.0304848
-41.4022
-36.2918
-30.6063
-24.6233
-18.6812
-13.0705
-8.00571
-3.67538
-0.175155
2.47684
4.27721
5.21584
5.35412
4.91088
4.21887
3.5005
2.83211
2.23866
1.72418
1.2873
0.919634
0.610999
0.352761
0.137722
-0.0384308
-0.178357
-0.282848
-0.354011
-0.392929
-0.402407
-0.384196
-0.341229
-0.277184
-0.195808
-0.10125
0.00168452
0.108786
0.217103
0.324368
0.428689
0.528702
0.623493
0.71161
0.794687
0.872918
0.952038
1.03308
1.11637
1.20196
1.28691
1.35956
1.42063
1.46238
1.47971
1.47586
1.44938
1.40713
1.34665
1.27276
1.18887
1.0978
1.00481
0.907264
0.811325
0.718334
0.624552
0.53926
0.453801
0.378364
0.302569
0.243507
0.157797
0.147018
-0.0292682
-34.9631
-30.7704
-26.2665
-21.5862
-16.9369
-12.533
-8.51219
-4.9966
-2.05158
0.282716
2.01751
3.18715
3.85568
4.06673
3.8585
3.35458
2.73201
2.12794
1.6037
1.16723
0.804793
0.500552
0.242846
0.0247876
-0.157053
-0.302725
-0.413768
-0.489598
-0.533347
-0.546377
-0.530859
-0.489718
-0.426745
-0.346292
-0.252582
-0.149937
-0.0421907
0.06775
0.177547
0.285263
0.389585
0.489766
0.58434
0.673497
0.757045
0.839489
0.924275
1.01322
1.10545
1.19699
1.2779
1.3465
1.39671
1.42323
1.42794
1.40994
1.37451
1.32066
1.25239
1.17336
1.08645
0.996559
0.901889
0.807862
0.716321
0.624045
0.539238
0.454871
0.379428
0.30389
0.244614
0.159542
0.146966
-0.0281701
-25.8405
-23.169
-20.3398
-17.394
-14.3997
-11.4729
-8.70159
-6.17815
-3.9555
-2.08402
-0.577572
0.56015
1.35749
1.84889
2.08084
2.09781
1.9469
1.67789
1.34404
0.993674
0.660464
0.361241
0.101165
-0.120199
-0.303437
-0.450244
-0.560456
-0.636011
-0.678781
-0.690547
-0.673085
-0.629746
-0.564483
-0.481834
-0.386353
-0.282404
-0.173746
-0.0634632
0.0463395
0.154324
0.259729
0.362048
0.460093
0.553392
0.64107
0.725355
0.809956
0.899068
0.993893
1.09099
1.18049
1.25797
1.31755
1.35432
1.36858
1.36013
1.33259
1.2864
1.22468
1.15148
1.06952
0.9835
0.892379
0.800926
0.711382
0.621046
0.537197
0.454214
0.379135
0.304065
0.244858
0.160567
0.146425
-0.0272657
-19.3922
-17.7983
-16.0836
-14.2697
-12.3812
-10.4832
-8.62735
-6.87483
-5.26049
-3.8275
-2.59301
-1.57299
-0.762941
-0.159184
0.258235
0.514922
0.641595
0.664825
0.607818
0.490432
0.330118
0.144052
-0.0509381
-0.240695
-0.413336
-0.560287
-0.676163
-0.75835
-0.807441
-0.82259
-0.807528
-0.764314
-0.698038
-0.613581
-0.515924
-0.409555
-0.29831
-0.185575
-0.0739121
0.0351209
0.141051
0.244142
0.344405
0.441475
0.534053
0.621956
0.706965
0.793172
0.8845
0.98098
1.07531
1.16079
1.23016
1.27773
1.30238
1.30406
1.28524
1.24725
1.19271
1.12583
1.04928
0.967558
0.880332
0.791838
0.704559
0.616433
0.533807
0.452349
0.377828
0.30344
0.244405
0.161084
0.145517
-0.0264795
-15.29
-14.2699
-13.1858
-12.0364
-10.8237
-9.58121
-8.33379
-7.11775
-5.95172
-4.86581
-3.87518
-3.00183
-2.25297
-1.63718
-1.15086
-0.786988
-0.530373
-0.363548
-0.269765
-0.234895
-0.248953
-0.30163
-0.382341
-0.480982
-0.585617
-0.687878
-0.77634
-0.847449
-0.892645
-0.912319
-0.902757
-0.866207
-0.805021
-0.723907
-0.627569
-0.52132
-0.409391
-0.295652
-0.183084
-0.0732065
0.0334941
0.137104
0.237977
0.336504
0.432349
0.524634
0.612999
0.698962
0.786101
0.877206
0.969973
1.05891
1.13608
1.194
1.22943
1.24163
1.23223
1.20288
1.15609
1.09595
1.02527
0.948259
0.865302
0.780156
0.695473
0.609871
0.528767
0.449045
0.375309
0.301834
0.243121
0.160965
0.144175
-0.02583
-12.673
-11.9934
-11.2751
-10.5104
-9.69328
-8.84366
-7.97228
-7.10268
-6.24287
-5.41645
-4.6315
-3.91012
-3.25728
-2.68764
-2.19937
-1.7967
-1.47217
-1.22254
-1.0389
-0.913665
-0.838352
-0.802526
-0.799752
-0.818908
-0.855186
-0.896862
-0.939961
-0.974619
-0.998025
-1.0039
-0.989932
-0.953523
-0.896575
-0.819906
-0.728628
-0.625247
-0.513663
-0.397884
-0.281956
-0.168814
-0.0599722
0.0444911
0.1453
0.243402
0.339225
0.432792
0.523616
0.611441
0.697138
0.783096
0.870373
0.957299
1.03785
1.10394
1.14977
1.17297
1.17374
1.15376
1.11537
1.06257
0.998227
0.926365
0.84801
0.766554
0.684753
0.601865
0.522536
0.444633
0.371899
0.299495
0.241205
0.160362
0.142547
-0.0252954
-10.771
-10.3043
-9.81664
-9.28973
-8.72524
-8.12735
-7.51094
-6.88107
-6.25103
-5.62615
-5.02088
-4.44162
-3.901
-3.40341
-2.95643
-2.56144
-2.22142
-1.93568
-1.703
-1.52019
-1.38188
-1.28253
-1.21477
-1.17268
-1.14917
-1.13884
-1.13556
-1.13388
-1.12867
-1.11567
-1.08891
-1.04843
-0.989898
-0.91785
-0.83181
-0.734144
-0.626623
-0.512543
-0.395097
-0.277073
-0.160729
-0.0481307
0.0591742
0.160853
0.257793
0.351246
0.441973
0.530179
0.615553
0.698418
0.780044
0.861386
0.940155
1.00994
1.06388
1.09732
1.10857
1.09846
1.06913
1.02422
0.966816
0.900615
0.82732
0.749995
0.671476
0.591631
0.51442
0.43858
0.367143
0.296062
0.238373
0.159064
0.140502
-0.0249251
-9.29217
-8.9634
-8.62339
-8.25453
-7.85774
-7.43489
-6.99525
-6.5405
-6.07898
-5.613
-5.15177
-4.69875
-4.26279
-3.84737
-3.4595
-3.10223
-2.78018
-2.49525
-2.24837
-2.03893
-1.86415
-1.72155
-1.60674
-1.51648
-1.44627
-1.39184
-1.34902
-1.312
-1.27841
-1.24071
-1.19922
-1.14633
-1.0851
-1.01275
-0.930125
-0.836476
-0.733934
-0.624631
-0.511171
-0.395331
-0.278273
-0.161113
-0.0454383
0.066404
0.172443
0.272137
0.366104
0.455193
0.540121
0.62111
0.698684
0.774105
0.847884
0.916797
0.975118
1.01677
1.03799
1.038
1.0183
0.981891
0.931961
0.871948
0.804115
0.731303
0.656408
0.579841
0.505011
0.431365
0.361443
0.291842
0.23488
0.157252
0.138217
-0.0247128
-8.11351
-7.88077
-7.64246
-7.38243
-7.10145
-6.80019
-6.48481
-6.15487
-5.81618
-5.46878
-5.11916
-4.7682
-4.42294
-4.08507
-3.76122
-3.4536
-3.16722
-2.90367
-2.66476
-2.45104
-2.26124
-2.0961
-1.95244
-1.83145
-1.72784
-1.64207
-1.56684
-1.50206
-1.44041
-1.38232
-1.32119
-1.25747
-1.18808
-1.11212
-1.02708
-0.933853
-0.832862
-0.726561
-0.61633
-0.503478
-0.388928
-0.273772
-0.158681
-0.0442075
0.0686153
0.178054
0.281859
0.378274
0.466693
0.548075
0.623658
0.694847
0.763054
0.828066
0.886627
0.933174
0.962526
0.972136
0.962118
0.934664
0.892656
0.839365
0.777423
0.709545
0.638693
0.565701
0.493637
0.422398
0.354317
0.286429
0.23043
0.154713
0.135567
-0.0246991
-7.15861
-6.99325
-6.82303
-6.63825
-6.43571
-6.22001
-5.99073
-5.7509
-5.50016
-5.24213
-4.97692
-4.70856
-4.4382
-4.17023
-3.90658
-3.65111
-3.40574
-3.17294
-2.95409
-2.74996
-2.56206
-2.39048
-2.23676
-2.09965
-1.97915
-1.87192
-1.77621
-1.68839
-1.60688
-1.52922
-1.45357
-1.37811
-1.30065
-1.21757
-1.12874
-1.03257
-0.931283
-0.825522
-0.716731
-0.604947
-0.491795
-0.37786
-0.264157
-0.151242
-0.0391587
0.0724883
0.182972
0.289017
0.386423
0.47318
0.550348
0.620205
0.684755
0.745462
0.801651
0.849782
0.884715
0.902645
0.901984
0.883695
0.849998
0.803913
0.74824
0.685682
0.619207
0.550039
0.480982
0.412315
0.346286
0.280251
0.225372
0.151685
0.132751
-0.024864
-6.36756
-6.24858
-6.12674
-5.99332
-5.84654
-5.69019
-5.52327
-5.34748
-5.16219
-4.96993
-4.77042
-4.5661
-4.35749
-4.14744
-3.93694
-3.72856
-3.52358
-3.3238
-3.13075
-2.94576
-2.77085
-2.60681
-2.45553
-2.31624
-2.18912
-2.07165
-1.96297
-1.86102
-1.76507
-1.67434
-1.58696
-1.5022
-1.41554
-1.32675
-1.23235
-1.13368
-1.03036
-0.924407
-0.815072
-0.704655
-0.592787
-0.479976
-0.366584
-0.253622
-0.141779
-0.0307184
0.080298
0.19027
0.295551
0.390835
0.473798
0.545854
0.609785
0.667865
0.721165
0.768493
0.806238
0.830347
0.837969
0.828526
0.803277
0.764735
0.715689
0.65883
0.597092
0.532067
0.466315
0.400502
0.336776
0.272879
0.219336
0.147937
0.129607
-0.0252483
-5.69791
-5.6126
-5.52566
-5.42937
-5.32275
-5.20962
-5.08826
-4.95971
-4.82304
-4.68022
-4.53056
-4.3758
-4.21575
-4.05239
-3.88599
-3.71831
-3.55013
-3.38315
-3.21882
-3.05828
-2.90354
-2.7548
-2.61421
-2.48011
-2.35421
-2.23342
-2.11985
-2.01031
-1.90763
-1.80834
-1.7142
-1.62088
-1.5285
-1.43345
-1.3356
-1.23329
-1.12868
-1.0206
-0.912296
-0.803103
-0.693117
-0.581527
-0.468544
-0.355039
-0.242123
-0.130268
-0.0193744
0.090797
0.198875
0.300689
0.391184
0.468564
0.534833
0.59288
0.644702
0.690746
0.729445
0.757645
0.772058
0.770757
0.753828
0.723014
0.680869
0.630007
0.573311
0.512645
0.450437
0.38764
0.326419
0.264771
0.212761
0.143743
0.126372
-0.0258332
-5.128
-5.06683
-5.00616
-4.93597
-4.8591
-4.77653
-4.68882
-4.59406
-4.49368
-4.38717
-4.27562
-4.15838
-4.03664
-3.9103
-3.78056
-3.64772
-3.51293
-3.37715
-3.24135
-3.10672
-2.9737
-2.84355
-2.71603
-2.5923
-2.47151
-2.35486
-2.24146
-2.13265
-2.02736
-1.92608
-1.82723
-1.72998
-1.63271
-1.53433
-1.43257
-1.32894
-1.22175
-1.1147
-1.0074
-0.900248
-0.791721
-0.681288
-0.568749
-0.454891
-0.340761
-0.227504
-0.115933
-0.00605907
0.101999
0.206436
0.302815
0.386878
0.457857
0.518145
0.57038
0.615987
0.654957
0.685617
0.705081
0.710738
0.701551
0.678358
0.643216
0.598556
0.547166
0.491078
0.432689
0.373123
0.314664
0.255467
0.205282
0.138837
0.122882
-0.0266795
-4.63478
-4.59213
-4.55023
-4.49988
-4.44439
-4.38494
-4.32188
-4.25313
-4.17981
-4.10143
-4.01881
-3.93118
-3.83938
-3.74325
-3.64347
-3.54015
-3.43396
-3.32548
-3.21523
-3.10393
-2.99164
-2.87932
-2.76684
-2.65543
-2.54476
-2.43622
-2.32925
-2.22498
-2.12243
-2.02201
-1.9226
-1.82357
-1.72463
-1.62339
-1.52136
-1.41604
-1.31068
-1.20499
-1.09998
-0.99412
-0.886888
-0.777222
-0.66533
-0.55145
-0.436505
-0.321833
-0.209208
-0.0995979
0.00729628
0.111472
0.210773
0.300758
0.377906
0.442423
0.49681
0.543303
0.582978
0.615484
0.63878
0.650224
0.648048
0.63218
0.604007
0.565646
0.519713
0.468349
0.413928
0.357736
0.302168
0.245534
0.197352
0.133557
0.119368
-0.0277452
-4.2038
-4.1754
-4.148
-4.11289
-4.07371
-4.03185
-3.98747
-3.93841
-3.88572
-3.82881
-3.76856
-3.704
-3.63583
-3.5636
-3.4879
-3.40851
-3.32579
-3.23999
-3.15129
-3.06032
-2.96685
-2.87196
-2.77518
-2.67816
-2.58001
-2.48269
-2.38469
-2.28799
-2.19049
-2.09411
-1.99635
-1.89907
-1.79974
-1.70026
-1.59837
-1.49616
-1.39319
-1.29056
-1.18708
-1.08278
-0.97632
-0.867749
-0.756508
-0.64296
-0.52762
-0.412386
-0.299266
-0.189758
-0.0841489
0.0182961
0.117595
0.211249
0.294709
0.365114
0.423313
0.471883
0.512889
0.547106
0.573455
0.58966
0.593628
0.584562
0.563114
0.530987
0.49055
0.443986
0.39366
0.340978
0.28846
0.234549
0.188628
0.12764
0.115661
-0.0291034
-3.82428
-3.80753
-3.79093
-3.76805
-3.74093
-3.713
-3.6825
-3.64897
-3.61173
-3.57177
-3.52839
-3.48191
-3.43175
-3.37833
-3.32133
-3.26094
-3.19708
-3.12982
-3.05951
-2.98609
-2.9101
-2.83132
-2.75064
-2.66762
-2.58331
-2.49711
-2.41005
-2.32124
-2.23166
-2.14031
-2.04807
-1.95408
-1.85912
-1.76263
-1.66512
-1.5667
-1.46783
-1.36762
-1.26661
-1.16348
-1.0586
-0.950978
-0.840708
-0.727462
-0.61286
-0.498455
-0.386032
-0.276989
-0.172067
-0.0712737
0.0262329
0.120446
0.208503
0.285646
0.349503
0.401586
0.444716
0.480689
0.50962
0.529924
0.539441
0.536769
0.521839
0.495845
0.460864
0.419076
0.372844
0.323703
0.274266
0.223141
0.179598
0.121451
0.112016
-0.0307139
-3.48655
-3.47852
-3.47092
-3.45731
-3.43999
-3.42251
-3.40317
-3.38132
-3.35625
-3.32898
-3.29889
-3.2661
-3.23008
-3.19114
-3.14907
-3.10387
-3.05541
-3.0037
-2.94896
-2.89101
-2.83029
-2.76641
-2.69997
-2.63048
-2.55878
-2.48417
-2.40759
-2.32832
-2.24729
-2.16371
-2.07852
-1.99109
-1.90219
-1.81145
-1.71925
-1.62592
-1.53057
-1.43412
-1.33519
-1.23453
-1.13105
-1.02504
-0.915615
-0.804073
-0.691396
-0.579252
-0.468741
-0.360787
-0.256529
-0.156724
-0.061017
0.0317457
0.121215
0.203846
0.274706
0.332231
0.378634
0.416606
0.447553
0.471119
0.485509
0.488802
0.480163
0.460185
0.430577
0.393476
0.351268
0.305625
0.259272
0.21098
0.169972
0.114756
0.108275
-0.0326635
-3.18271
-3.18175
-3.18147
-3.17531
-3.16575
-3.15642
-3.1457
-3.13288
-3.11725
-3.09983
-3.08004
-3.05806
-3.03326
-3.00601
-2.97602
-2.94334
-2.90772
-2.86901
-2.82736
-2.78248
-2.73476
-2.68362
-2.62971
-2.57225
-2.51216
-2.44854
-2.3826
-2.31318
-2.24171
-2.16686
-2.09026
-2.01042
-1.92907
-1.84463
-1.75871
-1.66989
-1.57943
-1.4862
-1.39093
-1.29254
-1.19163
-1.08724
-0.98055
-0.871901
-0.7627
-0.653668
-0.545696
-0.439727
-0.336881
-0.238043
-0.143336
-0.0522163
0.0364327
0.121333
0.198316
0.262983
0.314522
0.355383
0.388149
0.414037
0.432392
0.441207
0.438787
0.424883
0.400698
0.368248
0.329965
0.2877
0.244306
0.198766
0.160282
0.107933
0.104709
-0.0349325
-2.90743
-2.91168
-2.91765
-2.9171
-2.91402
-2.91081
-2.90728
-2.90141
-2.89367
-2.884
-2.87286
-2.85947
-2.84398
-2.82608
-2.80589
-2.78314
-2.75774
-2.72955
-2.69836
-2.66435
-2.62715
-2.58705
-2.54357
-2.49719
-2.44728
-2.39448
-2.33818
-2.27912
-2.2166
-2.15141
-2.08282
-2.01163
-1.93712
-1.86001
-1.77969
-1.69671
-1.61077
-1.52236
-1.43052
-1.33604
-1.23794
-1.13748
-1.03467
-0.930637
-0.825554
-0.72025
-0.615482
-0.512458
-0.411985
-0.314491
-0.220623
-0.130017
-0.0425983
0.04176
0.12163
0.192949
0.251621
0.297208
0.332409
0.359888
0.380746
0.393969
0.397409
0.38967
0.371086
0.343346
0.308911
0.269869
0.229271
0.186352
0.15036
0.100814
0.101185
-0.0376514
-2.65412
-2.66288
-2.67362
-2.67803
-2.68001
-2.68212
-2.68424
-2.68435
-2.68282
-2.6796
-2.67515
-2.66877
-2.6605
-2.65
-2.6375
-2.62272
-2.60554
-2.58577
-2.56327
-2.5381
-2.50998
-2.47913
-2.44503
-2.40803
-2.3676
-2.32422
-2.27724
-2.2273
-2.17364
-2.117
-2.05659
-1.99314
-1.92593
-1.8556
-1.78165
-1.70454
-1.62442
-1.54072
-1.45422
-1.36396
-1.27109
-1.17556
-1.07836
-0.979309
-0.879063
-0.778004
-0.677375
-0.57793
-0.480236
-0.384823
-0.291561
-0.201265
-0.114636
-0.0315615
0.0482646
0.123059
0.188538
0.24096
0.280483
0.310033
0.332268
0.348098
0.356235
0.354511
0.341933
0.319328
0.288924
0.25303
0.215004
0.174447
0.140767
0.0937851
0.097976
-0.0408333
-2.41978
-2.43227
-2.44705
-2.45571
-2.46195
-2.46845
-2.47517
-2.48013
-2.48355
-2.48541
-2.48621
-2.48531
-2.48272
-2.4781
-2.47166
-2.46314
-2.45255
-2.43966
-2.42428
-2.40645
-2.38587
-2.3627
-2.33648
-2.3075
-2.27514
-2.23982
-2.20091
-2.15892
-2.11317
-2.06424
-2.01144
-1.95537
-1.89537
-1.83203
-1.76484
-1.69434
-1.62017
-1.54277
-1.46187
-1.37789
-1.29103
-1.20193
-1.11044
-1.01707
-0.921922
-0.826064
-0.729987
-0.634432
-0.539881
-0.4464
-0.354572
-0.265386
-0.179523
-0.0971164
-0.0182059
0.0569406
0.126092
0.185164
0.231107
0.264569
0.28851
0.305504
0.31624
0.319242
0.312528
0.295528
0.269658
0.237138
0.201602
0.163126
0.131462
0.0867162
0.0948961
-0.0446369
-2.20146
-2.21684
-2.23477
-2.24672
-2.25624
-2.26605
-2.27626
-2.28486
-2.29204
-2.29779
-2.30265
-2.30601
-2.30791
-2.30798
-2.30642
-2.30301
-2.29773
-2.29034
-2.28074
-2.26884
-2.25445
-2.23763
-2.21799
-2.19571
-2.17024
-2.14196
-2.11016
-2.07538
-2.03682
-1.99516
-1.94951
-1.90067
-1.84774
-1.79156
-1.73129
-1.6678
-1.60035
-1.52979
-1.45557
-1.37843
-1.29834
-1.21555
-1.13027
-1.04262
-0.953352
-0.862755
-0.771541
-0.680031
-0.588575
-0.497695
-0.408394
-0.321136
-0.23625
-0.154447
-0.0763234
-0.00225658
0.0673059
0.130155
0.182532
0.221944
0.249324
0.267591
0.279251
0.284869
0.282917
0.271577
0.250833
0.222244
0.189461
0.152983
0.12306
0.0800223
0.0921229
-0.0491721
-1.99356
-2.01136
-2.03136
-2.04618
-2.05801
-2.07065
-2.08332
-2.09507
-2.1051
-2.11417
-2.12214
-2.12913
-2.13459
-2.13862
-2.14099
-2.14182
-2.14091
-2.13814
-2.13334
-2.12636
-2.11719
-2.10556
-2.09153
-2.0747
-2.05524
-2.03266
-2.00725
-1.97844
-1.94657
-1.91112
-1.87247
-1.83006
-1.78432
-1.73474
-1.68176
-1.625
-1.56488
-1.50112
-1.4341
-1.36371
-1.29033
-1.21398
-1.13495
-1.05362
-0.970182
-0.885206
-0.798894
-0.711699
-0.624062
-0.536998
-0.450909
-0.366077
-0.283011
-0.202514
-0.125637
-0.0528998
0.0153996
0.0787474
0.134876
0.180417
0.213337
0.234658
0.247089
0.253225
0.253753
0.247103
0.231736
0.20773
0.17815
0.14377
0.115405
0.0735967
0.0893258
-0.0545031
-1.79704
-1.81637
-1.83821
-1.85508
-1.86894
-1.88355
-1.89834
-1.91239
-1.92484
-1.93638
-1.94692
-1.95662
-1.96496
-1.97198
-1.97748
-1.98156
-1.98403
-1.9848
-1.98373
-1.98063
-1.97549
-1.96809
-1.95846
-1.94628
-1.93164
-1.91416
-1.89402
-1.87076
-1.84464
-1.81512
-1.78254
-1.74639
-1.70702
-1.66397
-1.61762
-1.56756
-1.51415
-1.45713
-1.39685
-1.33315
-1.26638
-1.19654
-1.12396
-1.04879
-0.971397
-0.891988
-0.810974
-0.728699
-0.646022
-0.563345
-0.480993
-0.399347
-0.31907
-0.241087
-0.166166
-0.095247
-0.0286011
0.0334247
0.0900971
0.13908
0.177817
0.204472
0.219755
0.226323
0.226939
0.222439
0.211552
0.192671
0.167211
0.135414
0.108537
0.0674095
0.0857248
-0.0600973
-1.60611
-1.62634
-1.64933
-1.66765
-1.68301
-1.69901
-1.7153
-1.73098
-1.74519
-1.75851
-1.77091
-1.78257
-1.793
-1.80223
-1.81007
-1.81661
-1.82167
-1.82518
-1.82703
-1.82705
-1.82519
-1.82125
-1.81526
-1.80693
-1.79633
-1.7831
-1.76738
-1.74877
-1.72747
-1.70306
-1.67577
-1.64518
-1.61152
-1.57443
-1.53414
-1.49036
-1.44334
-1.39286
-1.33914
-1.28209
-1.22196
-1.15877
-1.09276
-1.02408
-0.952989
-0.879783
-0.804785
-0.728513
-0.651419
-0.573803
-0.496064
-0.418809
-0.342712
-0.268317
-0.196542
-0.128041
-0.0637699
-0.00397343
0.05074
0.100477
0.142866
0.174908
0.195125
0.204425
0.205325
0.200538
0.191265
0.176269
0.155335
0.12709
0.102177
0.0614908
0.0805109
-0.0649
-1.42426
-1.44496
-1.46862
-1.48789
-1.50426
-1.5211
-1.53831
-1.55503
-1.57042
-1.58492
-1.59857
-1.61154
-1.62342
-1.63421
-1.64372
-1.65201
-1.65893
-1.66445
-1.66842
-1.67074
-1.67133
-1.67003
-1.66682
-1.6615
-1.65409
-1.64433
-1.63229
-1.61765
-1.60055
-1.58061
-1.558
-1.53235
-1.50384
-1.47213
-1.43743
-1.39944
-1.35836
-1.31399
-1.26652
-1.21587
-1.16221
-1.10557
-1.04613
-0.984041
-0.919513
-0.852875
-0.784336
-0.714373
-0.643197
-0.571202
-0.499011
-0.427166
-0.356045
-0.286288
-0.218348
-0.153291
-0.0918376
-0.0353478
0.0171199
0.065322
0.108393
0.144054
0.16959
0.183661
0.187172
0.182572
0.172795
0.158983
0.141232
0.116712
0.0944499
0.0546948
0.0720918
-0.0681407
-1.24334
-1.26363
-1.28719
-1.30651
-1.32331
-1.34014
-1.35757
-1.37438
-1.39024
-1.40504
-1.41923
-1.4326
-1.44518
-1.45665
-1.46705
-1.47625
-1.48428
-1.49101
-1.49636
-1.50023
-1.50252
-1.50318
-1.50206
-1.49913
-1.49421
-1.48731
-1.47818
-1.46687
-1.45315
-1.43708
-1.41839
-1.39716
-1.37314
-1.3464
-1.31675
-1.28428
-1.24883
-1.21047
-1.16914
-1.12493
-1.07785
-1.028
-0.975474
-0.920425
-0.863042
-0.803526
-0.742144
-0.679173
-0.614838
-0.549733
-0.484279
-0.418793
-0.353808
-0.289659
-0.227108
-0.166618
-0.109702
-0.0561334
-0.00682219
0.038126
0.0788091
0.11482
0.144031
0.163606
0.172032
0.16996
0.159964
0.14498
0.127667
0.105542
0.0857062
0.0473625
0.0583218
-0.0646974
-1.06955
-1.0893
-1.11214
-1.13119
-1.1478
-1.16436
-1.18147
-1.19814
-1.21396
-1.22883
-1.24309
-1.25666
-1.26952
-1.28144
-1.2924
-1.30229
-1.31111
-1.31877
-1.32519
-1.33029
-1.33397
-1.33618
-1.3368
-1.33579
-1.333
-1.32841
-1.32186
-1.31338
-1.30277
-1.29001
-1.27495
-1.25758
-1.23777
-1.21551
-1.19067
-1.16323
-1.13313
-1.10037
-1.06494
-1.02685
-0.98616
-0.942872
-0.897143
-0.84901
-0.798711
-0.746319
-0.692167
-0.636366
-0.579359
-0.521507
-0.463012
-0.404286
-0.345706
-0.287923
-0.231243
-0.176793
-0.124169
-0.0744792
-0.0285357
0.0128293
0.0499257
0.0832898
0.112744
0.13624
0.150603
0.154088
0.147083
0.131674
0.112299
0.0897024
0.071137
0.03591
0.0331912
-0.0475332
-0.896103
-0.914422
-0.935627
-0.953667
-0.969419
-0.984961
-1.00088
-1.01645
-1.03125
-1.0452
-1.05852
-1.07122
-1.08327
-1.09448
-1.10482
-1.11422
-1.12266
-1.13007
-1.13639
-1.14154
-1.14546
-1.14808
-1.14932
-1.14913
-1.14742
-1.14414
-1.1392
-1.13252
-1.12405
-1.11372
-1.10148
-1.08723
-1.07093
-1.05247
-1.03186
-1.00899
-0.983891
-0.956454
-0.926745
-0.894689
-0.860409
-0.823841
-0.785167
-0.744349
-0.701633
-0.657039
-0.610849
-0.563185
-0.514363
-0.464598
-0.414074
-0.363213
-0.312477
-0.262125
-0.213175
-0.165147
-0.118831
-0.0745968
-0.0335572
0.00380585
0.0369187
0.0660596
0.0919565
0.114428
0.132011
0.141545
0.140781
0.129174
0.109731
0.084391
0.0632815
0.0317997
0.0135134
-0.00375772
-0.716785
-0.733542
-0.752585
-0.768913
-0.783276
-0.797509
-0.812072
-0.826423
-0.840138
-0.853157
-0.865646
-0.877638
-0.889094
-0.899886
-0.909978
-0.919294
-0.927834
-0.935507
-0.942306
-0.948111
-0.952919
-0.956603
-0.959176
-0.960497
-0.960581
-0.959287
-0.956628
-0.952466
-0.946815
-0.939543
-0.930655
-0.920036
-0.907688
-0.893517
-0.877512
-0.859596
-0.839767
-0.817968
-0.794215
-0.768473
-0.740793
-0.711154
-0.679671
-0.646326
-0.61133
-0.574647
-0.536608
-0.497151
-0.456687
-0.415216
-0.373129
-0.330794
-0.288299
-0.246481
-0.205023
-0.164585
-0.125344
-0.0881472
-0.0530643
-0.0209012
0.00787722
0.0328514
0.054014
0.0722597
0.0878102
0.0995469
0.104436
0.0994866
0.0850867
0.0612955
0.0388163
0.00886541
-0.0105085
0.015597
-0.570047
-0.584661
-0.601263
-0.615704
-0.628295
-0.640539
-0.65289
-0.665003
-0.676523
-0.687328
-0.697572
-0.70724
-0.716399
-0.724862
-0.732699
-0.739737
-0.74611
-0.751616
-0.756394
-0.760224
-0.763242
-0.765226
-0.766312
-0.766304
-0.7653
-0.763133
-0.75987
-0.755397
-0.749727
-0.742801
-0.734568
-0.725035
-0.714122
-0.701868
-0.688161
-0.673054
-0.65645
-0.638405
-0.618862
-0.597855
-0.575367
-0.551423
-0.526088
-0.499361
-0.471394
-0.442147
-0.41187
-0.380493
-0.348338
-0.315392
-0.281984
-0.248239
-0.214474
-0.180844
-0.147471
-0.114697
-0.0831699
-0.0528389
-0.024329
0.00237447
0.0267026
0.0480791
0.0662345
0.081169
0.0934972
0.102999
0.108848
0.108359
0.100847
0.0837269
0.0687596
0.043427
0.050041
0.0358673
-0.320706
-0.331669
-0.343715
-0.354186
-0.363648
-0.373089
-0.382728
-0.392352
-0.401637
-0.410623
-0.419262
-0.427724
-0.435839
-0.443717
-0.451134
-0.458258
-0.464866
-0.471144
-0.476834
-0.482126
-0.486759
-0.490925
-0.494351
-0.497222
-0.499284
-0.500703
-0.501243
-0.501041
-0.499901
-0.497919
-0.494952
-0.491061
-0.486118
-0.480191
-0.473162
-0.465116
-0.455921
-0.445692
-0.434299
-0.421858
-0.408293
-0.393671
-0.37803
-0.361348
-0.343818
-0.325288
-0.306154
-0.286117
-0.265791
-0.244727
-0.223752
-0.202292
-0.181304
-0.160203
-0.139686
-0.119865
-0.100949
-0.0833876
-0.0670839
-0.0524037
-0.0395545
-0.0288729
-0.0206103
-0.0148505
-0.0118261
-0.0114039
-0.0133681
-0.0185243
-0.0263508
-0.0408957
-0.0490465
-0.0758876
-0.0222569
-0.136907
-0.321083
-0.332016
-0.343073
-0.352036
-0.35986
-0.367247
-0.374666
-0.381646
-0.388142
-0.393903
-0.399182
-0.403836
-0.408028
-0.411545
-0.414533
-0.416816
-0.418557
-0.419588
-0.420064
-0.419816
-0.418999
-0.417457
-0.415339
-0.4125
-0.409063
-0.404933
-0.400195
-0.394798
-0.38875
-0.382111
-0.374798
-0.366963
-0.358405
-0.349408
-0.339664
-0.329554
-0.318673
-0.307485
-0.295524
-0.283298
-0.270306
-0.257075
-0.243089
-0.22888
-0.213938
-0.198778
-0.182905
-0.166831
-0.150083
-0.133158
-0.1156
-0.0979095
-0.0797068
-0.0614002
-0.0427084
-0.0239895
-0.00518819
0.0135416
0.0319699
0.0500584
0.0678528
0.0857149
0.103878
0.121612
0.137041
0.147599
0.152029
0.151406
0.152039
0.156077
0.179449
0.188268
0.274805
0.0738519
0.416247
0.592794
0.751497
0.88703
0.999669
1.09285
1.17086
1.23749
1.29573
1.34777
1.3951
1.43881
1.47954
1.51776
1.55368
1.5875
1.61925
1.64897
1.67672
1.70248
1.72642
1.74845
1.7687
1.78685
1.80323
1.81761
1.8305
1.84161
1.85155
1.86
1.86762
1.87406
1.87998
1.88501
1.8898
1.89394
1.89803
1.90168
1.90542
1.90888
1.91247
0.4244
0.593026
0.744567
0.87738
0.993022
1.09305
1.17893
1.25206
1.31359
1.36457
1.40593
1.43855
1.46324
1.48076
1.49196
1.49752
1.49834
1.49501
1.48847
1.47918
1.46799
1.45522
1.44166
1.42761
1.4137
1.40012
1.38728
1.37523
1.3642
1.3542
1.34527
1.33742
1.33055
1.32471
1.3197
1.31561
1.31219
1.30955
1.30742
1.30599
1.30485
0.420022
0.588038
0.739004
0.870492
0.984221
1.08107
1.16235
1.22963
1.28463
1.32909
1.36473
1.39317
1.41587
1.43416
1.44914
1.46182
1.47288
1.48297
1.49239
1.5015
1.51035
1.51911
1.52777
1.5364
1.54478
1.55293
1.56068
1.56807
1.57496
1.58143
1.58737
1.59289
1.59789
1.60252
1.60669
1.61054
1.614
1.6172
1.62004
1.62279
1.62502
0.416176
0.586054
0.738718
0.870696
0.984419
1.08127
1.16324
1.23258
1.29134
1.34139
1.38431
1.4214
1.45365
1.48185
1.50648
1.52802
1.54665
1.5627
1.57621
1.58751
1.59663
1.60387
1.60945
1.61372
1.61675
1.61889
1.62024
1.6211
1.62154
1.62174
1.62178
1.62177
1.62176
1.62178
1.6219
1.62211
1.62246
1.6229
1.62348
1.62428
1.62495
0.415247
0.587518
0.742494
0.876315
0.992573
1.09284
1.1793
1.25397
1.31861
1.37458
1.42307
1.46497
1.50107
1.53204
1.55843
1.58085
1.59973
1.61567
1.62899
1.64023
1.64959
1.65746
1.6642
1.67012
1.67528
1.67992
1.68407
1.6879
1.69141
1.6947
1.69777
1.70068
1.70344
1.70609
1.70863
1.71108
1.71347
1.7158
1.71803
1.72041
1.72239
0.414724
0.590732
0.748965
0.885547
1.00519
1.1093
1.19983
1.27865
1.34712
1.40661
1.45813
1.50283
1.54145
1.57499
1.604
1.62931
1.65126
1.67051
1.68723
1.70189
1.71455
1.7255
1.735
1.74337
1.75059
1.75691
1.76239
1.76724
1.77151
1.77533
1.77876
1.78187
1.78475
1.78742
1.78995
1.79233
1.79464
1.79685
1.799
1.80128
1.80316
0.41424
0.595232
0.757892
0.898053
1.0214
1.12922
1.22348
1.30597
1.37818
1.44141
1.49687
1.54555
1.5884
1.62612
1.65941
1.68871
1.71454
1.73718
1.75702
1.77425
1.78921
1.80191
1.81297
1.82253
1.83082
1.83799
1.84427
1.84979
1.85469
1.85907
1.86302
1.86663
1.86993
1.87302
1.87588
1.87862
1.88117
1.8837
1.886
1.88859
1.89057
0.414104
0.601547
0.769731
0.914269
1.042
1.15399
1.25249
1.33933
1.41602
1.48385
1.54394
1.5972
1.64446
1.68635
1.72347
1.75626
1.78522
1.81064
1.83296
1.85241
1.86932
1.88375
1.89632
1.90726
1.91676
1.92501
1.93222
1.93857
1.94418
1.94918
1.95364
1.9577
1.96134
1.96473
1.96781
1.97074
1.97343
1.9761
1.97849
1.98121
1.98327
0.415234
0.610096
0.784824
0.934665
1.06749
1.1844
1.28778
1.37954
1.46113
1.53378
1.59853
1.65625
1.70771
1.75352
1.79428
1.83045
1.86251
1.8908
1.91571
1.93751
1.95648
1.97268
1.98677
1.99902
2.00959
2.01873
2.02665
2.03358
2.03961
2.04493
2.04959
2.05375
2.05743
2.06078
2.06376
2.06657
2.0691
2.0716
2.07382
2.0764
2.07829
0.417593
0.621212
0.803491
0.959462
1.09819
1.22058
1.32932
1.42634
1.51306
1.59066
1.66017
1.72243
1.77821
1.82811
1.8727
1.91244
1.94775
1.97901
2.00654
2.03066
2.05161
2.06948
2.08492
2.0983
2.10976
2.11961
2.12806
2.13539
2.14167
2.14715
2.15185
2.156
2.15958
2.16281
2.16562
2.16826
2.17059
2.17293
2.17495
2.1774
2.17913
0.42198
0.635189
0.826001
0.988991
1.13427
1.26274
1.3773
1.47996
1.57212
1.65497
1.72954
1.79663
1.85698
1.91117
1.95973
2.00311
2.04171
2.07589
2.10598
2.1323
2.1551
2.17445
2.19104
2.20532
2.21742
2.2277
2.23638
2.24377
2.24996
2.25524
2.25961
2.26337
2.26647
2.2692
2.27146
2.27355
2.27533
2.27711
2.27859
2.2805
2.2817
0.428437
0.652525
0.852851
1.0237
1.17627
1.31137
1.43231
1.54107
1.63909
1.72759
1.80752
1.87974
1.94486
2.00354
2.05617
2.1033
2.14518
2.18234
2.21493
2.24343
2.26794
2.28864
2.30616
2.32113
2.33356
2.34401
2.35257
2.35975
2.36552
2.37031
2.37406
2.37719
2.37957
2.38161
2.38314
2.38455
2.38561
2.38673
2.38753
2.38881
2.38937
0.437938
0.67375
0.884601
1.06419
1.22479
1.36721
1.49507
1.61047
1.71481
1.80936
1.89502
1.97262
2.0428
2.10611
2.16302
2.21394
2.25928
2.29932
2.33446
2.36491
2.39104
2.41271
2.43095
2.44611
2.45859
2.46862
2.47675
2.48309
2.48808
2.49176
2.49456
2.49641
2.49775
2.49845
2.49891
2.49896
2.49896
2.49874
2.49853
2.4985
2.49814
0.450596
0.699525
0.921967
1.1112
1.2806
1.43101
1.56646
1.68902
1.80024
1.90123
1.99308
2.07638
2.15197
2.22015
2.28162
2.33648
2.38539
2.42836
2.46602
2.49832
2.52587
2.54827
2.56688
2.58187
2.59393
2.60313
2.61027
2.61534
2.61902
2.6212
2.6225
2.62277
2.62257
2.62168
2.62062
2.61911
2.61765
2.61593
2.61431
2.61284
2.61117
0.467616
0.730597
0.965672
1.16554
1.3446
1.50373
1.64745
1.77786
1.89645
2.0045
2.10291
2.19247
2.27374
2.34727
2.41339
2.47255
2.52496
2.57106
2.61097
2.64514
2.67362
2.69656
2.71482
2.7293
2.7401
2.74802
2.75328
2.7566
2.75803
2.7582
2.7571
2.75529
2.75263
2.74966
2.74616
2.74262
2.73877
2.73509
2.73114
2.7278
2.72393
0.489259
0.767777
1.01674
1.22821
1.41782
1.58652
1.73927
1.87823
2.0049
2.12059
2.22619
2.32247
2.40995
2.48916
2.56035
2.62398
2.68016
2.72935
2.77159
2.80736
2.83663
2.85959
2.87717
2.89043
2.89951
2.90534
2.90818
2.90888
2.90749
2.90479
2.90071
2.89594
2.8903
2.88441
2.87801
2.87167
2.86506
2.85873
2.85219
2.84637
2.84016
0.517012
0.812127
1.07618
1.30039
1.50156
1.68072
1.84342
1.9917
2.12724
2.25127
2.36476
2.46836
2.56262
2.64797
2.72465
2.79302
2.85318
2.90549
2.94998
2.98706
3.0167
3.03905
3.0552
3.06639
3.0728
3.07553
3.0749
3.07192
3.06665
3.05999
3.05189
3.04313
3.0335
3.02369
3.01343
3.00334
2.99306
2.9832
2.97323
2.9641
2.95474
0.551308
0.864859
1.14532
1.38354
1.59727
1.78802
1.96154
2.12021
2.26537
2.39873
2.52076
2.63255
2.73412
2.82634
2.90887
2.9825
3.04674
3.10242
3.14896
3.18725
3.2167
3.23795
3.25181
3.26013
3.26279
3.26146
3.25617
3.24842
3.23801
3.22627
3.21289
3.19902
3.18422
3.16947
3.15428
3.13953
3.12467
3.1105
3.09632
3.08324
3.07012
0.594131
0.927244
1.2257
1.47919
1.70683
1.91021
2.09582
2.26577
2.42181
2.56525
2.69702
2.8176
2.92759
3.02707
3.11638
3.19538
3.26438
3.32315
3.37203
3.41079
3.43985
3.45872
3.46962
3.4734
3.47139
3.46407
3.45299
3.43845
3.42173
3.40289
3.38307
3.36216
3.34108
3.31956
3.29844
3.27734
3.257
3.23693
3.21777
3.19926
3.18169
0.646107
1.001
1.31901
1.58933
1.83223
2.04963
2.24859
2.43116
2.5992
2.75401
2.89652
3.02709
3.14631
3.25411
3.35075
3.43592
3.50985
3.57211
3.62299
3.6621
3.68982
3.70562
3.71207
3.7102
3.70162
3.68694
3.66796
3.6451
3.61986
3.59234
3.56389
3.53441
3.50499
3.47532
3.44637
3.41774
3.39024
3.36334
3.33775
3.31312
3.28987
0.70977
1.08799
1.42733
1.71624
1.976
2.20902
2.4228
2.61951
2.80094
2.96857
3.12312
3.26502
3.39461
3.51182
3.61666
3.70873
3.788
3.85397
3.90667
3.94564
3.97107
3.98248
3.9828
3.97337
3.95606
3.93174
3.90245
3.8688
3.83253
3.7939
3.75441
3.71401
3.67397
3.634
3.59517
3.55706
3.52058
3.48514
3.45149
3.41925
3.38891
0.786506
1.19049
1.55331
1.86259
2.14127
2.39155
2.6221
2.83448
3.03123
3.21316
3.3816
3.53612
3.67776
3.80545
3.91981
4.01939
4.1048
4.17445
4.22903
4.26696
4.28918
4.29437
4.28676
4.26726
4.23885
4.202
4.1597
4.11218
4.06207
4.00925
3.95593
3.90169
3.84841
3.79545
3.74438
3.69446
3.64699
3.60104
3.55771
3.5163
3.4776
0.879251
1.31137
1.69984
2.0319
2.33146
2.60137
2.85048
3.08094
3.29471
3.49336
3.67722
3.84671
4.00162
4.14185
4.26647
4.37514
4.4667
4.54078
4.5962
4.63279
4.64951
4.6469
4.62795
4.59594
4.55233
4.49996
4.4402
4.37568
4.30724
4.23708
4.16559
4.09462
4.02411
3.95554
3.88864
3.82466
3.76307
3.70476
3.64906
3.59698
3.5476
0.990464
1.4536
1.87062
2.22793
2.55106
2.84296
3.11335
3.3642
3.59772
3.81531
4.01725
4.20367
4.37428
4.52856
4.66536
4.78385
4.88258
4.96072
5.01678
5.05017
5.05966
5.04585
5.01254
4.9636
4.90104
4.82821
4.7469
4.66019
4.56926
4.47669
4.38307
4.29055
4.19918
4.11066
4.02475
3.94288
3.86456
3.79066
3.72046
3.65507
3.59346
1.12361
1.62132
2.06978
2.45571
2.80515
3.12236
3.41685
3.69141
3.94751
4.1873
4.40997
4.61636
4.80489
4.9757
5.12613
5.25592
5.36204
5.44427
5.4995
5.52792
5.52673
5.49802
5.44542
5.37475
5.28757
5.18893
5.08015
4.96582
4.84661
4.72636
4.60513
4.48616
4.36895
4.25606
4.14674
4.04322
3.94442
3.85181
3.76418
3.68307
3.60709
1.28287
1.81884
2.30293
2.72086
3.10067
3.44651
3.76931
4.07087
4.35381
4.61898
4.86652
5.09557
5.30568
5.49483
5.66147
5.80292
5.91736
6.00195
6.05509
6.07434
6.05876
6.00857
5.93129
5.83119
5.71333
5.58082
5.43838
5.28844
5.13494
4.97939
4.825
4.67253
4.52445
4.38082
4.24373
4.11292
3.98998
3.87388
3.76579
3.6651
3.57251
1.47317
2.05224
2.57643
3.03108
3.44565
3.82494
4.1805
4.51402
4.82821
5.12365
5.40013
5.65623
5.89103
6.10173
6.28602
6.44029
6.56194
6.64732
6.6942
6.69957
6.66226
6.58332
6.47235
6.33478
6.17687
6.00255
5.81736
5.62434
5.42803
5.23034
5.03493
4.84277
4.65671
4.47688
4.3057
4.14302
3.99062
3.84738
3.71457
3.59157
3.47921
1.70025
2.32854
2.8986
3.39573
3.85085
4.26948
4.6637
5.03514
5.38654
5.71807
6.02888
6.31687
6.58035
6.81546
7.0188
7.1856
7.31225
7.39416
7.42843
7.41166
7.34259
7.22383
7.06789
6.88173
6.67295
6.44644
6.20862
5.9631
5.71504
5.46667
5.22209
4.98252
4.75105
4.52794
4.31599
4.11516
3.92754
3.75185
3.58965
3.44039
3.30488
1.9718
2.65688
3.28012
3.8269
4.33014
4.79577
5.23635
5.65357
6.0499
6.42485
6.7767
7.10223
7.39865
7.66055
7.88305
8.05989
8.18624
8.25657
8.26753
8.21567
8.10016
7.92643
7.71096
7.4625
7.19017
6.89981
6.59859
6.29067
5.98158
5.67383
5.37177
5.07683
4.79227
4.51853
4.25869
4.01302
3.78384
3.56992
3.37297
3.19264
3.03002
2.29651
3.04863
3.73483
4.34098
4.9025
5.42546
5.9226
6.3959
6.8472
7.27491
7.67589
8.04522
8.37832
8.66763
8.90622
9.08604
9.20106
9.24515
9.21515
9.10844
8.92566
8.67683
8.38376
8.05703
7.70717
7.34072
6.96534
6.58533
6.20636
5.83088
5.46332
5.1051
4.7596
4.4273
4.1117
3.81333
3.53504
3.27559
3.03727
2.82012
2.62549
2.68628
3.51914
4.28166
4.96057
5.59437
6.18899
6.7569
7.30042
7.82012
8.31258
8.77218
9.19128
9.56253
9.87527
10.1201
10.287
10.3696
10.3622
10.2634
10.0731
9.79499
9.44623
9.05513
8.63351
8.19269
7.7393
7.28083
6.82118
6.36556
5.91595
5.47648
5.0483
4.6347
4.23615
3.85653
3.49685
3.16052
2.8467
2.55831
2.29611
2.06241
3.14954
4.08139
4.93879
5.70902
6.43452
7.121
7.77943
8.41187
9.01721
9.58829
10.1153
10.5862
10.9895
11.3107
11.5377
11.6603
11.6732
11.5743
11.3666
11.0554
10.6494
10.175
9.66755
9.13822
8.59775
8.05173
7.50647
6.96455
6.43008
5.90393
5.38944
4.88713
4.39992
3.92811
3.47599
3.04515
2.63995
2.26016
1.91003
1.59181
1.30907
3.68226
4.73114
5.70337
6.58448
7.42206
8.22221
8.9929
9.73407
10.4416
11.1012
11.6962
12.2081
12.6201
12.9141
13.078
13.1047
12.9951
12.755
12.3958
11.9302
11.373
10.7607
10.133
9.49764
8.86265
8.23128
7.60743
6.99171
6.38616
5.79023
5.20575
4.63243
4.07223
3.52529
2.99589
2.48656
2.00249
1.5448
1.11948
0.731263
0.386449
4.25364
5.43766
6.5426
7.55321
8.52249
9.45683
10.3598
11.2252
12.0428
12.7882
13.434
13.9541
14.3269
14.5354
14.5733
14.4439
14.1603
13.7402
13.2053
12.5759
11.8702
11.1324
10.4013
9.6797
8.96957
8.27258
7.58822
6.91633
6.25512
5.60378
4.96098
4.32665
3.7002
3.08248
2.47621
1.8857
1.31597
0.770595
0.257116
-0.215346
-0.637067
4.83636
6.17945
7.44052
8.60537
9.73203
10.8253
11.8835
12.8867
13.8131
14.6249
15.2797
15.7464
16.006
16.0522
15.8947
15.555
15.0623
14.4478
13.7402
12.9632
12.1347
11.2996
10.4943
9.71116
8.95073
8.20806
7.484
6.77213
6.07261
5.37865
4.69138
4.00511
3.3224
2.63806
1.95891
1.28447
0.624659
-0.019678
-0.634647
-1.20964
-1.7257
5.40671
6.93807
8.38462
9.73515
11.0523
12.3353
13.5714
14.7176
15.7309
16.5587
17.1463
17.4688
17.5246
17.3322
16.9265
16.3506
15.6482
14.8574
14.0085
13.1213
12.2079
11.311
10.4591
9.63994
8.84761
8.07909
7.32941
6.59431
5.86758
5.14539
4.42237
3.697
2.96364
2.22302
1.47229
0.71789
-0.0381935
-0.78798
-1.52109
-2.21598
-2.8499
5.94091
7.69706
9.36645
10.943
12.4923
13.9994
15.4274
16.698
17.7409
18.493
18.904
18.9772
18.7474
18.2686
17.6022
16.8063
15.9297
15.0084
14.0651
13.112
12.152
11.2231
10.3481
9.50966
8.70153
7.91951
7.15782
6.40936
5.6672
4.92511
4.17761
3.41999
2.64765
1.8556
1.04302
0.209807
-0.640078
-1.50372
-2.36604
-3.20354
-3.97795
6.40848
8.43578
10.3769
12.2328
14.0662
15.8303
17.441
18.7732
19.7378
20.2829
20.3955
20.1325
19.5781
18.8175
17.9261
16.9631
15.97
14.9722
13.981
12.9987
12.021
11.0807
10.1966
9.34961
8.53509
7.74905
6.98353
6.22967
5.47909
4.7248
3.96005
3.17899
2.37532
1.54224
0.675444
-0.227896
-1.16831
-2.14604
-3.14808
-4.14692
-5.08979
6.77179
9.12917
11.4074
13.6146
15.7925
17.829
19.5638
20.8305
21.5619
21.7591
21.4815
20.8553
20.0017
19.0169
17.9699
16.9074
15.8565
14.8285
13.8239
12.8377
11.86
10.9204
10.0347
9.18562
8.37142
7.58784
6.82411
6.06963
5.31542
4.55395
3.77766
2.97998
2.15239
1.28676
0.375261
-0.588994
-1.61183
-2.7003
-3.8463
-5.02436
-6.16511
6.98039
9.74593
12.4532
15.1096
17.6895
19.9602
21.6783
22.6941
23.0301
22.7833
22.1008
21.1598
20.0861
18.96
17.8309
16.7274
15.6613
14.6324
13.6339
12.6571
11.6886
10.7547
9.87037
9.02212
8.21257
7.43572
6.67673
5.92462
5.16982
4.40512
3.62183
2.81297
1.9686
1.07881
0.132175
-0.881812
-1.97594
-3.16536
-4.45296
-5.82266
-7.19097
6.9695
10.2471
13.5243
16.7554
19.752
22.1204
23.5982
24.1732
24.0121
23.3164
22.3017
21.1468
19.949
18.7592
17.6049
16.4998
15.4439
14.4298
13.4475
12.487
11.5312
10.6053
9.72269
8.87745
8.07552
7.30722
6.55376
5.80491
5.05095
4.28505
3.4975
2.68141
1.82462
0.917198
-0.0566439
-1.11003
-2.26316
-3.54077
-4.96064
-6.52855
-8.15137
6.6399
10.5952
14.6613
18.593
21.9092
24.1189
25.1179
25.1378
24.4863
23.4313
22.2038
20.9395
19.6928
18.4893
17.3418
16.2542
15.2183
14.2246
13.2622
12.3204
11.379
10.4609
9.57988
8.73954
7.94759
7.189
6.4416
5.69722
4.94568
4.18078
3.39156
2.5715
1.70676
0.787825
-0.206281
-1.28858
-2.48851
-3.83745
-5.37521
-7.13585
-9.0391
5.8514
10.7806
15.9547
20.6226
23.9918
25.7325
26.1103
25.5907
24.5522
23.2776
21.9536
20.6573
19.4097
18.2219
17.0983
16.0372
15.0248
14.053
13.1108
12.1867
11.2572
10.3455
9.46393
8.62879
7.84639
7.09588
6.35312
5.6126
4.86337
4.09982
3.30971
2.48722
1.61612
0.690218
-0.320021
-1.42265
-2.6593
-4.06305
-5.70053
-7.64103
-9.84316
4.41891
10.8722
17.5049
22.7327
25.759
26.8114
26.5801
25.6369
24.3544
22.9796
21.6294
20.3366
19.1062
17.9437
16.8482
15.8147
14.8263
13.8779
12.9576
12.0524
11.1367
10.2316
9.35047
8.5231
7.75161
7.00939
6.27194
5.53603
4.79015
4.02888
3.2393
2.41583
1.54108
0.611578
-0.41055
-1.52664
-2.79066
-4.23369
-5.95085
-8.04838
-10.5575
2.14545
11.0239
19.3518
24.7105
27.0297
27.3684
26.6604
25.4491
24.0605
22.6716
21.3381
20.071
18.8699
17.7372
16.6682
15.6585
14.688
13.7567
12.8515
11.9585
11.0503
10.1482
9.26336
8.44208
7.67901
6.94286
6.20951
5.47732
4.73417
3.97466
3.18554
2.36136
1.48291
0.553214
-0.480194
-1.60306
-2.88978
-4.35729
-6.13875
-8.36067
-11.1956
-1.08464
11.5038
21.3897
26.2962
27.7542
27.5131
26.4844
25.1206
23.6914
22.3086
20.9953
19.7559
18.5878
17.4893
16.4525
15.4726
14.5276
13.6199
12.7353
11.8591
10.963
10.065
9.17928
8.36576
7.61098
6.88043
6.15142
5.42311
4.68309
3.92556
3.13753
2.31319
1.43317
0.50255
-0.537657
-1.66653
-2.96773
-4.45342
-6.27846
-8.59973
-11.7484
-6.56036
12.3011
23.3285
27.3911
28.0682
27.4393
26.2478
24.856
23.4531
22.1031
20.817
19.5991
18.4488
17.3645
16.3395
15.3701
14.4348
13.5366
12.661
11.7926
10.9017
10.0034
9.11621
8.31011
7.56255
6.83625
6.1105
5.38491
4.64724
3.89103
3.10401
2.27978
1.39913
0.467528
-0.576327
-1.70941
-3.01862
-4.51605
-6.36503
-8.74971
-12.2058
-11.0127
14.5918
25.1677
27.9625
28.0901
27.1848
25.8271
24.3863
22.9899
21.6686
20.4244
19.2553
18.153
17.1124
16.1259
15.1891
14.2819
13.4072
12.5514
11.699
10.82
9.92281
9.03597
8.23736
7.4981
6.77773
6.05687
5.33495
4.6006
3.84632
3.06107
2.23756
1.3576
0.424484
-0.620511
-1.75778
-3.07097
-4.57651
-6.44247
-8.82951
-12.5593
1.91521
1.91828
1.91897
1.91863
1.91842
1.91848
1.9185
1.91826
1.91788
1.91729
1.91667
1.91579
1.9149
1.9137
1.91252
1.91099
1.9095
1.90763
1.90581
1.90359
1.90141
1.89879
1.8962
1.89318
1.89012
1.88662
1.88302
1.87898
1.87472
1.87002
1.86499
1.85948
1.85349
1.84696
1.83982
1.83203
1.82346
1.81411
1.8038
1.79253
1.7801
1.76651
1.7515
1.73509
1.71701
1.69727
1.67557
1.65193
1.62606
1.59798
1.56742
1.53439
1.4987
1.4603
1.41912
1.37509
1.32824
1.27851
1.22601
1.17073
1.11283
1.0524
0.989581
0.924581
0.857472
0.788526
0.717588
0.64478
0.569729
0.491816
0.409528
0.319311
0.214006
0.0760839
1.30503
1.30622
1.30851
1.31067
1.31255
1.31435
1.31621
1.3181
1.31995
1.32178
1.32357
1.32538
1.32713
1.32891
1.3306
1.33232
1.33393
1.33556
1.33708
1.33858
1.33995
1.3413
1.34249
1.3436
1.34455
1.34537
1.34602
1.34647
1.34673
1.34672
1.34649
1.34591
1.34506
1.34378
1.34213
1.33999
1.33735
1.33416
1.3303
1.32583
1.3205
1.31445
1.30735
1.2994
1.29017
1.27992
1.26815
1.25517
1.24043
1.22426
1.20609
1.18625
1.16422
1.14026
1.11394
1.08548
1.05453
1.02124
0.985408
0.947094
0.906243
0.862822
0.816905
0.768392
0.717385
0.663649
0.607149
0.547622
0.484584
0.417131
0.343529
0.26074
0.163475
0.0531807
1.62772
1.63206
1.63653
1.64015
1.6433
1.64648
1.64961
1.65263
1.65535
1.65792
1.6602
1.66234
1.66415
1.66577
1.66701
1.66803
1.66864
1.66896
1.66884
1.66837
1.66741
1.66604
1.66413
1.66173
1.65875
1.6552
1.65102
1.64619
1.64066
1.63441
1.62738
1.61956
1.61089
1.60134
1.59085
1.5794
1.56692
1.55334
1.53868
1.52278
1.50572
1.48727
1.46759
1.44639
1.42385
1.39972
1.37414
1.34685
1.31801
1.2874
1.25515
1.22109
1.18535
1.14778
1.10852
1.0675
1.02482
0.980496
0.934598
0.887212
0.8384
0.788272
0.736895
0.684304
0.630449
0.575434
0.519076
0.46105
0.401045
0.338157
0.27105
0.198003
0.116391
0.0339928
1.62696
1.63119
1.63603
1.6401
1.6436
1.64718
1.65081
1.65438
1.65776
1.66102
1.66413
1.66715
1.67
1.67271
1.67522
1.67756
1.67968
1.68159
1.68323
1.68462
1.68569
1.68646
1.68685
1.68687
1.68645
1.68559
1.68421
1.68231
1.67979
1.67666
1.67282
1.66825
1.66284
1.65657
1.64933
1.64106
1.63169
1.62111
1.60929
1.59604
1.58141
1.56515
1.54735
1.52773
1.50643
1.48311
1.45792
1.43059
1.40125
1.36964
1.33588
1.2998
1.26149
1.22087
1.17804
1.13297
1.08579
1.03652
0.98533
0.93231
0.877639
0.821495
0.763957
0.705228
0.645553
0.584815
0.523112
0.460476
0.396497
0.3306
0.261967
0.189406
0.111798
0.0317935
1.72569
1.73141
1.73782
1.74321
1.74787
1.75263
1.75741
1.76211
1.76649
1.77071
1.77466
1.77848
1.78199
1.7853
1.78825
1.79096
1.79326
1.79526
1.79681
1.79798
1.79865
1.79886
1.79851
1.79761
1.79609
1.79394
1.79108
1.78748
1.7831
1.77789
1.7718
1.76477
1.75676
1.74767
1.73748
1.72609
1.71348
1.69949
1.68416
1.66729
1.64896
1.62893
1.60731
1.58384
1.55862
1.53145
1.50242
1.47132
1.43822
1.403
1.36568
1.32623
1.28465
1.24097
1.19519
1.14742
1.09767
1.04608
0.992723
0.937753
0.881299
0.823504
0.764507
0.704562
0.643604
0.581991
0.519625
0.456283
0.391959
0.32607
0.258096
0.186665
0.111877
0.0312729
1.80666
1.81313
1.82045
1.82657
1.83185
1.83728
1.84275
1.84815
1.85319
1.85806
1.86267
1.86712
1.87126
1.87515
1.87869
1.88193
1.88477
1.88724
1.88925
1.89082
1.89186
1.89237
1.89227
1.89156
1.89016
1.88803
1.88511
1.88136
1.87671
1.87111
1.8645
1.85677
1.84792
1.83779
1.82641
1.81354
1.79931
1.7834
1.76599
1.7467
1.7258
1.70282
1.67811
1.65115
1.62236
1.59119
1.55809
1.52253
1.48495
1.44492
1.40284
1.35837
1.31187
1.26314
1.21249
1.15987
1.10551
1.04952
0.992081
0.933351
0.873496
0.812642
0.751234
0.689252
0.627087
0.564502
0.501615
0.438553
0.374977
0.310419
0.24458
0.175767
0.105421
0.0280248
1.89456
1.90185
1.91029
1.91717
1.92326
1.92935
1.93568
1.94174
1.94756
1.953
1.95829
1.96324
1.96795
1.97224
1.97622
1.97974
1.98287
1.98549
1.98763
1.98918
1.99017
1.99049
1.99014
1.98905
1.98717
1.98445
1.98083
1.97627
1.97068
1.96404
1.95621
1.94721
1.93686
1.92519
1.912
1.89734
1.88096
1.86296
1.84307
1.82142
1.79769
1.77205
1.74419
1.71426
1.68202
1.64759
1.61075
1.57162
1.53007
1.4862
1.43995
1.39142
1.34062
1.28767
1.2327
1.17585
1.11731
1.05726
0.995846
0.933232
0.869813
0.805939
0.741596
0.677329
0.613016
0.549019
0.485283
0.42168
0.358347
0.294695
0.230676
0.164321
0.0984733
0.0246091
1.98757
1.9956
2.00487
2.01237
2.01899
2.02564
2.03255
2.03915
2.04544
2.05133
2.05702
2.06233
2.06735
2.0719
2.07607
2.07973
2.08294
2.08557
2.08764
2.08906
2.08982
2.08985
2.08909
2.08751
2.08502
2.0816
2.07714
2.07163
2.06493
2.05706
2.04784
2.0373
2.02524
2.01172
1.99648
1.97963
1.96089
1.94039
1.91781
1.89331
1.86658
1.83778
1.80661
1.77326
1.73744
1.69929
1.65865
1.61564
1.57011
1.52221
1.47191
1.41928
1.36441
1.30746
1.24853
1.18783
1.12557
1.06184
0.996932
0.931359
0.865109
0.798517
0.732206
0.666052
0.600473
0.535275
0.470791
0.407199
0.344289
0.281609
0.219363
0.155288
0.0935357
0.0221104
2.08267
2.09134
2.10136
2.10938
2.11645
2.12354
2.13092
2.13791
2.14456
2.15074
2.15669
2.1622
2.16737
2.17201
2.17621
2.17984
2.18294
2.18539
2.1872
2.18828
2.18861
2.18812
2.18675
2.18446
2.18116
2.17682
2.17132
2.16467
2.15669
2.14744
2.13667
2.12448
2.11058
2.09512
2.07776
2.05867
2.03749
2.01442
1.9891
1.96173
1.93195
1.89997
1.86548
1.82864
1.78923
1.74738
1.70292
1.65597
1.60648
1.55452
1.50012
1.4434
1.38447
1.32349
1.26062
1.19613
1.13002
1.06282
0.994834
0.926106
0.857379
0.788878
0.720513
0.652939
0.586066
0.52036
0.455814
0.392343
0.330248
0.268873
0.208652
0.146941
0.0891951
0.0198779
2.18353
2.19265
2.20312
2.21136
2.21859
2.22587
2.23343
2.24054
2.24725
2.25344
2.25936
2.26481
2.26986
2.27432
2.27828
2.28162
2.28437
2.28639
2.28769
2.2882
2.28786
2.28661
2.28437
2.28111
2.27669
2.27116
2.2643
2.2562
2.24661
2.23564
2.22302
2.20887
2.19287
2.17519
2.15546
2.1339
2.1101
2.0843
2.0561
2.02574
1.99285
1.95764
1.91981
1.87953
1.83657
1.79107
1.74289
1.69215
1.63878
1.58291
1.52458
1.46395
1.40113
1.33635
1.26975
1.20138
1.1319
1.0614
0.990266
0.919195
0.848046
0.777192
0.707354
0.638405
0.570806
0.504464
0.439765
0.376913
0.315787
0.255853
0.197745
0.138441
0.0846684
0.0175612
2.28576
2.29512
2.30584
2.31412
2.32132
2.32859
2.33613
2.34315
2.34972
2.35572
2.36142
2.36658
2.37129
2.37535
2.37885
2.38165
2.38378
2.38512
2.38565
2.38531
2.38403
2.38176
2.37841
2.37396
2.36824
2.36133
2.35298
2.3433
2.33199
2.31923
2.30467
2.28849
2.27031
2.25035
2.22821
2.20411
2.17767
2.14908
2.11802
2.08464
2.04868
2.01023
1.96915
1.92541
1.87905
1.82992
1.77819
1.72367
1.66667
1.60696
1.54499
1.48055
1.41416
1.34562
1.2754
1.2039
1.13103
1.05759
0.983946
0.91015
0.836976
0.764626
0.693121
0.623146
0.554699
0.488246
0.423791
0.361338
0.301275
0.242824
0.186844
0.129902
0.0800725
0.0151628
2.39296
2.40226
2.41285
2.42078
2.42763
2.43456
2.44176
2.44835
2.45444
2.45992
2.46507
2.46962
2.47367
2.477
2.47973
2.48167
2.48289
2.48325
2.48273
2.48126
2.47873
2.47515
2.47034
2.4644
2.45702
2.44841
2.43818
2.42662
2.41325
2.39844
2.38161
2.36322
2.34258
2.32027
2.29547
2.26887
2.23956
2.20834
2.17421
2.13806
2.09883
2.05747
2.01294
1.96617
1.91621
1.8639
1.80848
1.75065
1.68992
1.62684
1.56117
1.49337
1.42321
1.35155
1.27816
1.20325
1.12771
1.05158
0.975318
0.899667
0.824486
0.750381
0.67799
0.607203
0.538496
0.471769
0.407527
0.345952
0.287047
0.230116
0.17625
0.121615
0.0756428
0.0128011
2.50063
2.50974
2.51974
2.52726
2.53332
2.53981
2.54624
2.55226
2.55746
2.56225
2.56644
2.57017
2.57316
2.57551
2.57705
2.57787
2.5778
2.57686
2.57495
2.572
2.56799
2.56277
2.5564
2.54863
2.5396
2.52898
2.51699
2.50326
2.48802
2.47086
2.45205
2.43114
2.40841
2.38341
2.35639
2.32693
2.29526
2.26104
2.2244
2.18512
2.14321
2.09863
2.05125
2.0012
1.94821
1.89259
1.83397
1.77284
1.70879
1.64243
1.57348
1.5023
1.42925
1.35418
1.27782
1.20048
1.12202
1.04336
0.965013
0.887111
0.810561
0.735497
0.661932
0.590642
0.521585
0.455179
0.391499
0.330577
0.272926
0.217566
0.165824
0.113456
0.0712892
0.0103979
2.61248
2.62087
2.62996
2.63647
2.64151
2.647
2.65236
2.65727
2.66127
2.66485
2.66777
2.6702
2.67179
2.67271
2.67277
2.67204
2.67037
2.66773
2.66407
2.65927
2.65339
2.64618
2.6378
2.6279
2.61677
2.60392
2.58978
2.57371
2.55627
2.5367
2.51566
2.49225
2.46726
2.43965
2.41034
2.37816
2.34415
2.30707
2.26804
2.22576
2.18138
2.13369
2.08378
2.03052
1.97492
1.91603
1.85472
1.79028
1.72344
1.65385
1.58204
1.50795
1.43175
1.3542
1.27513
1.19481
1.11419
1.03335
0.952939
0.873698
0.795611
0.719303
0.645396
0.573767
0.504829
0.438474
0.375298
0.315483
0.259119
0.205328
0.155662
0.105476
0.0670252
0.00796229
2.72377
2.73085
2.73895
2.74391
2.74778
2.75169
2.75577
2.75897
2.76153
2.76332
2.76466
2.7652
2.76508
2.76404
2.76224
2.7595
2.75584
2.75117
2.74541
2.73859
2.7305
2.72127
2.7106
2.69871
2.68521
2.6704
2.65382
2.63582
2.6159
2.59441
2.57083
2.54553
2.51794
2.48841
2.45642
2.42228
2.38552
2.34641
2.30454
2.26013
2.21288
2.16296
2.11013
2.05453
1.99601
1.93469
1.87047
1.80348
1.73376
1.66156
1.58702
1.51025
1.43161
1.35113
1.26965
1.18743
1.10439
1.02162
0.939609
0.85871
0.779826
0.703008
0.628364
0.556632
0.487746
0.42201
0.359598
0.300594
0.245563
0.193328
0.145714
0.0976149
0.0628248
0.00542891
2.83796
2.84335
2.8496
2.85263
2.8546
2.85659
2.85867
2.8598
2.86025
2.85987
2.85902
2.85734
2.85493
2.85157
2.84738
2.84224
2.83613
2.82901
2.82075
2.81142
2.80083
2.78911
2.77598
2.76166
2.74576
2.7286
2.70971
2.68944
2.66729
2.64363
2.6179
2.59046
2.56076
2.52912
2.49502
2.45873
2.41981
2.3785
2.33442
2.28776
2.23823
2.18601
2.13084
2.07291
2.01202
1.94833
1.88183
1.81237
1.74029
1.66569
1.58877
1.5096
1.42841
1.346
1.26222
1.1776
1.09306
1.00866
0.925186
0.843447
0.763421
0.685882
0.611335
0.539667
0.471194
0.405723
0.344037
0.286249
0.232547
0.181812
0.136167
0.0900083
0.0587934
0.00282947
2.94986
2.95302
2.95688
2.95744
2.95698
2.95648
2.956
2.95446
2.95222
2.94912
2.94553
2.94105
2.93583
2.92966
2.92267
2.91476
2.9059
2.89607
2.88514
2.87323
2.86008
2.84592
2.83039
2.81377
2.79564
2.77634
2.75538
2.73312
2.70906
2.6835
2.65596
2.62667
2.59522
2.56169
2.52584
2.4876
2.44692
2.40354
2.35767
2.30883
2.2575
2.20301
2.14605
2.0858
2.02312
1.95741
1.88882
1.81752
1.74327
1.66654
1.58745
1.50614
1.42303
1.33823
1.25274
1.16678
1.08031
0.99452
0.90996
0.827079
0.746778
0.669123
0.594201
0.522778
0.45465
0.390011
0.329229
0.272327
0.219957
0.170684
0.126957
0.0826077
0.0549133
9.99713e-05
3.06204
3.06226
3.06299
3.06042
3.0569
3.05325
3.04957
3.04475
3.03923
3.03283
3.02591
3.01807
3.0095
3
2.9897
2.97854
2.96647
2.95357
2.93963
2.9249
2.90899
2.89231
2.87429
2.85548
2.83513
2.81396
2.79101
2.76718
2.74129
2.71438
2.68507
2.65456
2.62132
2.58662
2.54886
2.50944
2.46672
2.42211
2.37407
2.32397
2.27043
2.21467
2.15546
2.09406
2.0294
1.96227
1.89215
1.81888
1.74296
1.66437
1.58341
1.50029
1.41528
1.32914
1.24185
1.15406
1.06668
0.979798
0.894285
0.810979
0.729928
0.651964
0.577529
0.506457
0.438942
0.374738
0.314806
0.259154
0.208076
0.160156
0.118263
0.0755082
0.0512746
-0.00275171
3.16918
3.16598
3.16242
3.15621
3.14854
3.14124
3.13327
3.1246
3.11485
3.10463
3.09361
3.08199
3.06952
3.05637
3.0425
3.02792
3.01267
2.99662
2.97995
2.96241
2.94427
2.92515
2.90539
2.88451
2.86287
2.83993
2.81606
2.79066
2.76407
2.73569
2.70578
2.67377
2.63987
2.60356
2.56504
2.52388
2.48023
2.43379
2.38469
2.33275
2.27811
2.22052
2.16043
2.09738
2.03182
1.9632
1.89162
1.81714
1.73956
1.65943
1.57693
1.49229
1.40591
1.31801
1.22965
1.14101
1.05218
0.964392
0.878222
0.79427
0.713369
0.635606
0.561106
0.490516
0.423563
0.360329
0.301358
0.246584
0.196764
0.150132
0.110009
0.0686741
0.0478585
-0.0057762
3.27253
3.26469
3.25622
3.24524
3.23291
3.22085
3.20808
3.19459
3.1801
3.16519
3.1496
3.13348
3.11667
3.09938
3.08159
3.06334
3.04469
3.02556
3.00611
2.98613
2.96586
2.94495
2.92368
2.90157
2.87893
2.85519
2.83066
2.8047
2.77759
2.74869
2.71821
2.68558
2.65094
2.61382
2.57433
2.53212
2.48734
2.43967
2.38938
2.33618
2.2803
2.22187
2.16062
2.09679
2.03
1.96048
1.88781
1.81197
1.73341
1.65213
1.56845
1.48264
1.39501
1.30628
1.21653
1.12665
1.03743
0.949004
0.862337
0.778324
0.696974
0.61929
0.545538
0.47552
0.409309
0.346589
0.288532
0.234942
0.186313
0.140838
0.102378
0.0622026
0.0447474
-0.00895737
3.36553
3.3519
3.33741
3.32061
3.30249
3.28466
3.26611
3.24697
3.22697
3.20677
3.18611
3.16518
3.14389
3.12243
3.10089
3.07926
3.05771
3.03605
3.01457
2.99297
2.97152
2.9498
2.92806
2.90578
2.88315
2.85964
2.83531
2.8097
2.78271
2.75404
2.7234
2.69072
2.65551
2.61801
2.57754
2.5347
2.48863
2.44024
2.38854
2.33459
2.27792
2.2186
2.1567
2.09199
2.02456
1.95404
1.88064
1.80432
1.72485
1.64276
1.55823
1.47151
1.38302
1.29308
1.20284
1.11254
1.02228
0.933393
0.846463
0.762217
0.681363
0.604135
0.530545
0.461178
0.395648
0.333957
0.276859
0.224048
0.176559
0.132152
0.0952853
0.0560551
0.0419284
-0.0123239
3.44708
3.42641
3.40461
3.38085
3.35592
3.33133
3.30607
3.28045
3.25424
3.22816
3.20193
3.17589
3.14994
3.12438
3.09933
3.07476
3.05091
3.02753
3.00504
2.98285
2.96152
2.94012
2.91938
2.89799
2.87684
2.85438
2.83162
2.80683
2.78115
2.75278
2.72297
2.68992
2.65501
2.61652
2.57591
2.5317
2.48524
2.43533
2.3833
2.32834
2.27107
2.21121
2.14862
2.08335
2.01527
1.94456
1.87085
1.794
1.71432
1.63177
1.54671
1.4594
1.37023
1.27988
1.1887
1.09765
1.00746
0.918331
0.831285
0.747273
0.666266
0.589383
0.516732
0.448046
0.383301
0.322176
0.26597
0.214207
0.167778
0.124281
0.0889004
0.0503186
0.0394694
-0.0158496
3.50885
3.47917
3.44895
3.41648
3.38382
3.35104
3.31838
3.28528
3.25255
3.22017
3.18852
3.15753
3.12752
3.09869
3.07114
3.04504
3.02029
2.99711
2.97518
2.95467
2.93503
2.91637
2.89793
2.87976
2.861
2.84162
2.82081
2.79851
2.77398
2.74719
2.71758
2.68521
2.64964
2.61111
2.5693
2.52456
2.47694
2.42654
2.37342
2.31794
2.26009
2.19962
2.13658
2.07101
2.00299
1.93218
1.85857
1.78197
1.70206
1.61934
1.53405
1.44638
1.35682
1.26579
1.17458
1.0835
0.992684
0.903463
0.816481
0.732601
0.652339
0.57608
0.50374
0.435769
0.371764
0.311674
0.256354
0.205207
0.159774
0.117082
0.083123
0.0449529
0.0373563
-0.0195403
3.5444
3.50442
3.46384
3.42164
3.37976
3.33811
3.29706
3.2563
3.21668
3.17829
3.14152
3.10648
3.07346
3.04278
3.01447
2.98876
2.96542
2.94464
2.92594
2.90934
2.89415
2.88016
2.86661
2.85307
2.83883
2.82329
2.80602
2.78626
2.76395
2.73825
2.70955
2.67697
2.6413
2.60168
2.55917
2.51353
2.46488
2.41351
2.3596
2.30341
2.24491
2.18409
2.12094
2.05556
1.98779
1.91752
1.84433
1.76795
1.68847
1.60592
1.52071
1.43298
1.34325
1.25221
1.16044
1.0691
0.978726
0.889608
0.802837
0.719443
0.639218
0.563512
0.492177
0.424916
0.361711
0.302138
0.24764
0.197348
0.152826
0.11077
0.0781193
0.0400517
0.0356436
-0.0233586
3.54597
3.49367
3.4409
3.38735
3.33497
3.28335
3.23326
3.18446
3.13811
3.0942
3.05337
3.01574
2.98168
2.95155
2.92522
2.90304
2.88432
2.8695
2.85731
2.84822
2.84037
2.83427
2.82772
2.82135
2.81279
2.80285
2.78928
2.77313
2.75241
2.72841
2.69949
2.66709
2.63003
2.58983
2.54585
2.49896
2.44912
2.39658
2.34168
2.28472
2.22588
2.16498
2.1021
2.03724
1.97021
1.90063
1.82826
1.75273
1.67371
1.59163
1.50675
1.41917
1.32953
1.23829
1.14691
1.05584
0.965212
0.876335
0.78991
0.706922
0.627592
0.552614
0.481634
0.415083
0.352618
0.293991
0.240281
0.19038
0.146698
0.105165
0.0737623
0.0355544
0.0343069
-0.02729
3.49639
3.43028
3.36319
3.29745
3.23336
3.17179
3.11252
3.05663
3.0046
2.9572
2.9147
2.87751
2.84602
2.82032
2.80055
2.78622
2.77722
2.77261
2.77199
2.77399
2.7779
2.7822
2.78606
2.78804
2.78742
2.78301
2.77438
2.76084
2.74226
2.71841
2.68944
2.65572
2.61757
2.57533
2.5297
2.48104
2.42955
2.37561
2.31978
2.26238
2.20333
2.1427
2.08044
2.01643
1.95041
1.88199
1.81074
1.73618
1.6582
1.57689
1.49267
1.40551
1.31618
1.2253
1.13376
1.0428
0.952908
0.864438
0.778484
0.696149
0.617019
0.542688
0.472689
0.406813
0.345105
0.286872
0.233883
0.184592
0.141662
0.100475
0.0702095
0.0315566
0.0333883
-0.0312925
3.38618
3.30357
3.22061
3.14089
3.06449
2.99247
2.92483
2.86302
2.80766
2.75962
2.71925
2.68697
2.66314
2.64754
2.64011
2.63992
2.64643
2.65813
2.67408
2.69234
2.71164
2.73001
2.74623
2.75864
2.7663
2.7681
2.76362
2.75241
2.73457
2.71008
2.6799
2.64403
2.60345
2.55865
2.51052
2.45958
2.40622
2.35101
2.2944
2.2366
2.17773
2.11754
2.05616
1.99332
1.9287
1.86176
1.79196
1.71891
1.64207
1.56181
1.47846
1.39191
1.3031
1.2125
1.12164
1.03121
0.941409
0.853472
0.768068
0.686342
0.608161
0.534583
0.464899
0.399659
0.338649
0.281195
0.228874
0.179707
0.13745
0.0964941
0.0673102
0.0279828
0.0328522
-0.0353351
3.19226
3.09118
2.99114
2.89668
2.80818
2.72666
2.65259
2.58781
2.53314
2.48952
2.45732
2.43686
2.42823
2.43078
2.4439
2.46597
2.49575
2.53093
2.56974
2.60953
2.64835
2.68381
2.71426
2.73798
2.75395
2.76132
2.75986
2.74955
2.73083
2.70449
2.67115
2.63199
2.58773
2.53948
2.48825
2.43477
2.37954
2.32301
2.26573
2.20786
2.14911
2.0898
2.02959
1.96829
1.90543
1.84018
1.77229
1.7009
1.62561
1.5467
1.46453
1.37884
1.29083
1.20096
1.11029
1.0203
0.931444
0.844185
0.759425
0.678479
0.600526
0.527646
0.458827
0.394168
0.333845
0.276551
0.224858
0.176021
0.134347
0.0934499
0.0652269
0.0249476
0.0327369
-0.0393744
2.89422
2.77223
2.65348
2.54372
2.44353
2.35449
2.27752
2.21477
2.16723
2.13578
2.12075
2.12198
2.1391
2.17057
2.21494
2.26949
2.33191
2.39876
2.46724
2.53383
2.59589
2.65063
2.69621
2.73099
2.75423
2.76549
2.76505
2.75356
2.73183
2.70127
2.6633
2.61911
2.57014
2.51767
2.46299
2.40683
2.34961
2.29191
2.23405
2.17602
2.11801
2.05961
2.00086
1.94146
1.88056
1.81767
1.75183
1.68245
1.609
1.53174
1.45093
1.36627
1.27923
1.19009
1.10034
1.01105
0.922609
0.836134
0.752037
0.67182
0.594765
0.522638
0.45399
0.389846
0.33014
0.273364
0.222255
0.173214
0.132044
0.0910944
0.0637781
0.0223443
0.0329862
-0.0433674
2.46246
2.31754
2.17947
2.05484
1.94518
1.85266
1.77876
1.72601
1.69546
1.68775
1.70276
1.73951
1.79658
1.87109
1.96016
2.05952
2.16533
2.27275
2.37765
2.47567
2.56354
2.63835
2.69846
2.74258
2.77062
2.78307
2.78061
2.76482
2.73755
2.70047
2.65571
2.60514
2.55043
2.49332
2.43486
2.37581
2.31663
2.25768
2.1994
2.14175
2.08428
2.02733
1.97042
1.91323
1.85481
1.79413
1.73093
1.66379
1.59241
1.51714
1.43793
1.35454
1.26876
1.18073
1.0915
1.00282
0.915547
0.829969
0.746589
0.667216
0.590338
0.518908
0.450918
0.387223
0.328099
0.271186
0.22063
0.171587
0.130833
0.0896657
0.0631293
0.0203036
0.0336416
-0.0472732
1.86596
1.69498
1.53648
1.39778
1.28173
1.19192
1.13042
1.09978
1.10086
1.13355
1.19673
1.28776
1.40345
1.53886
1.68899
1.84753
2.00854
2.16545
2.31287
2.44556
2.56001
2.65407
2.7259
2.7761
2.80503
2.81444
2.80646
2.78297
2.74679
2.70096
2.64771
2.58947
2.52838
2.46596
2.40347
2.34156
2.28049
2.22059
2.16206
2.10475
2.04858
1.99305
1.93823
1.88358
1.82778
1.77024
1.70957
1.64497
1.57618
1.50324
1.42569
1.34376
1.25939
1.17254
1.08433
0.996456
0.909923
0.825303
0.742595
0.664016
0.587888
0.517174
0.449121
0.385788
0.327174
0.270455
0.220406
0.170795
0.130381
0.0888915
0.063079
0.0186992
0.0346327
-0.0510404
1.07074
0.869855
0.690221
0.539342
0.422677
0.345564
0.310668
0.320204
0.374086
0.470597
0.606316
0.775885
0.97321
1.19041
1.41996
1.65255
1.87998
2.09421
2.2877
2.45572
2.59495
2.70377
2.78302
2.8334
2.85825
2.85985
2.84141
2.80683
2.75939
2.70215
2.63877
2.57186
2.50363
2.43583
2.36928
2.30458
2.2418
2.181
2.12265
2.06616
2.01088
1.95756
1.90507
1.85344
1.80057
1.7456
1.68847
1.62651
1.56025
1.49001
1.41426
1.33405
1.25141
1.16603
1.07863
0.991469
0.906321
0.822719
0.740712
0.662981
0.586858
0.51683
0.44914
0.386095
0.327928
0.270692
0.22114
0.171172
0.131007
0.0890408
0.0638136
0.0176931
0.036013
-0.0546287
0.094762
-0.142536
-0.345335
-0.506401
-0.616643
-0.668287
-0.658394
-0.586128
-0.453872
-0.266822
-0.032225
0.239962
0.539872
0.857156
1.18008
1.49736
1.79809
2.07111
2.30999
2.50876
2.66665
2.78385
2.86285
2.90766
2.92218
2.91167
2.88014
2.83137
2.7701
2.7008
2.62662
2.5507
2.47555
2.40239
2.3322
2.26527
2.20127
2.14019
2.08212
2.02646
1.97316
1.92173
1.87179
1.82354
1.77346
1.7226
1.66855
1.60932
1.54662
1.47948
1.40548
1.32727
1.24647
1.16259
1.0763
0.9898
0.905677
0.822951
0.741441
0.664354
0.588652
0.519165
0.450986
0.388041
0.330145
0.272656
0.223492
0.172512
0.132474
0.0899024
0.0651582
0.0171689
0.0376969
-0.0579732
-0.995766
-1.27722
-1.5058
-1.67505
-1.77065
-1.78328
-1.70916
-1.55166
-1.31634
-1.01451
-0.660387
-0.269162
0.146136
0.570636
0.992532
1.39628
1.76792
2.09635
2.37283
2.59459
2.76232
2.88007
2.9525
2.98604
2.98716
2.96119
2.91407
2.85099
2.77605
2.69387
2.60922
2.52501
2.44352
2.36601
2.29291
2.22439
2.1597
2.09862
2.04156
1.98733
1.9355
1.88701
1.83992
1.79557
1.74851
1.70104
1.65145
1.59516
1.53587
1.47235
1.40023
1.32454
1.24585
1.16371
1.07839
0.992311
0.909584
0.827487
0.746303
0.669605
0.593404
0.524182
0.455734
0.392637
0.334736
0.276149
0.227216
0.175376
0.135265
0.0918864
0.0673889
0.0173746
0.0397808
-0.0610162
-2.1697
-2.50471
-2.76354
-2.93694
-3.01012
-2.96689
-2.80892
-2.54015
-2.17674
-1.73791
-1.24722
-0.726996
-0.19415
0.340258
0.859894
1.34726
1.78551
2.1609
2.46676
2.70247
2.87251
2.98341
3.04379
3.06254
3.04692
3.0053
2.9429
2.86442
2.77554
2.68194
2.58767
2.49585
2.40885
2.32735
2.25201
2.18254
2.11768
2.0571
2.00089
1.94803
1.89875
1.8525
1.80836
1.76807
1.7237
1.68145
1.63537
1.58215
1.52771
1.46826
1.398
1.32533
1.24888
1.16858
1.08446
0.998749
0.9172
0.835499
0.754415
0.677821
0.601469
0.532252
0.46266
0.399155
0.341009
0.281566
0.232684
0.179306
0.138959
0.094637
0.0702437
0.0181247
0.0421588
-0.0637022
-3.3982
-3.80104
-4.08997
-4.26551
-4.30326
-4.19075
-3.92562
-3.52343
-3.00628
-2.41065
-1.77348
-1.12439
-0.476497
0.160758
0.773821
1.34035
1.83816
2.2531
2.57976
2.8213
2.9863
3.08631
3.13128
3.13318
3.10063
3.0416
2.96392
2.87203
2.7703
2.66505
2.56223
2.4638
2.37198
2.28743
2.21045
2.14049
2.07568
2.01569
1.96094
1.90976
1.86225
1.81929
1.7782
1.74231
1.70044
1.66239
1.62122
1.57107
1.52089
1.4659
1.39758
1.32856
1.2546
1.17642
1.09367
1.00819
0.928178
0.846687
0.765688
0.689013
0.611754
0.542349
0.471929
0.407841
0.349237
0.288171
0.239225
0.184555
0.14381
0.0983874
0.0739032
0.0195942
0.0449089
-0.0660074
-4.65777
-5.13833
-5.45816
-5.62421
-5.61947
-5.4237
-5.03505
-4.4732
-3.78326
-3.01631
-2.22857
-1.45757
-0.708812
0.0241403
0.724751
1.36449
1.91486
2.36119
2.70114
2.94178
3.09773
3.1822
3.20975
3.19426
3.14414
3.07024
2.97894
2.87315
2.75918
2.64443
2.53425
2.42981
2.33382
2.24648
2.16846
2.09847
2.03409
1.97507
1.92135
1.87182
1.82719
1.78651
1.74863
1.71692
1.67728
1.64544
1.6076
1.56065
1.51634
1.46602
1.39951
1.33455
1.26303
1.18703
1.1057
1.02034
0.941821
0.860312
0.779255
0.702259
0.62454
0.554719
0.482712
0.417874
0.358631
0.296315
0.247165
0.190573
0.149317
0.102723
0.0780356
0.0215221
0.047886
-0.0679175
-5.92877
-6.49675
-6.8339
-6.97955
-6.92659
-6.64057
-6.11164
-5.37476
-4.4906
-3.54141
-2.60562
-1.72869
-0.895165
-0.0800996
0.701141
1.40847
2.00468
2.47549
2.82172
3.05658
3.19946
3.26834
3.2781
3.24574
3.17949
3.08997
2.98622
2.8692
2.74425
2.61997
2.50358
2.39395
2.2943
2.20501
2.12638
2.05668
1.99276
1.93469
1.88261
1.83504
1.79237
1.75511
1.72069
1.69323
1.65586
1.62892
1.59595
1.55237
1.51295
1.46752
1.40297
1.34262
1.27368
1.20005
1.12038
1.03502
0.9582
0.876466
0.795377
0.717874
0.639011
0.568587
0.495395
0.429685
0.36961
0.305342
0.255868
0.19771
0.155805
0.107939
0.0828636
0.0241179
0.0511938
-0.0694162
-7.1997
-7.85716
-8.18164
-8.29198
-8.19547
-7.81848
-7.13826
-6.20676
-5.12124
-3.98417
-2.90461
-1.94203
-1.04754
-0.161148
0.694379
1.46368
2.0988
2.58829
2.93612
3.16182
3.29075
3.34172
3.33415
3.28601
3.20465
3.1028
2.98849
2.85976
2.72473
2.59313
2.4716
2.35706
2.25416
2.16306
2.08432
2.01515
1.95194
1.89504
1.84411
1.79844
1.7588
1.72392
1.69301
1.66943
1.63426
1.61421
1.58446
1.54441
1.51161
1.47121
1.40864
1.35319
1.28675
1.21554
1.13745
1.052
0.976833
0.894652
0.813391
0.735149
0.655567
0.584354
0.509283
0.442548
0.381488
0.31566
0.265768
0.205457
0.162808
0.11363
0.0880683
0.0271136
0.0546894
-0.0704973
-8.4672
-9.19687
-9.46212
-9.53185
-9.40474
-8.93915
-8.09923
-6.968
-5.66994
-4.34363
-3.12876
-2.10555
-1.17244
-0.228054
0.695742
1.52222
2.19078
2.69371
3.03866
3.25392
3.36762
3.40348
3.37983
3.31748
3.22281
3.10798
2.98459
2.84684
2.70281
2.56365
2.43789
2.31903
2.21322
2.12114
2.04252
1.97402
1.9114
1.8556
1.80641
1.76294
1.72535
1.69395
1.66679
1.6469
1.61424
1.5995
1.5745
1.53831
1.51086
1.47576
1.41536
1.3653
1.30151
1.23291
1.15676
1.07114
0.997694
0.91489
0.83351
0.754373
0.673508
0.601308
0.524775
0.456896
0.394707
0.326709
0.276254
0.214184
0.170675
0.120082
0.0939146
0.0307272
0.0584961
-0.0711494
-9.7396
-10.4999
-10.6369
-10.6715
-10.537
-9.98878
-8.98338
-7.64575
-6.14549
-4.63069
-3.28479
-2.22578
-1.27842
-0.287006
0.69997
1.57841
2.27492
2.78943
3.12879
3.33367
3.43228
3.45195
3.41375
3.33874
3.23234
3.10824
2.97708
2.82961
2.67762
2.53309
2.40365
2.28058
2.17207
2.07914
2.00098
1.9332
1.87137
1.81682
1.76889
1.72761
1.69303
1.66407
1.64071
1.6239
1.59409
1.58621
1.56431
1.53229
1.51186
1.48207
1.42408
1.37953
1.31833
1.25236
1.17789
1.09211
1.0204
0.936801
0.85519
0.774934
0.693208
0.619818
0.541235
0.472112
0.408615
0.338899
0.287751
0.223406
0.178936
0.126959
0.100033
0.0346903
0.0624558
-0.0713885
-11.0244
-11.7283
-11.6797
-11.7057
-11.5821
-10.9578
-9.7851
-8.24985
-6.54842
-4.85134
-3.38103
-2.31171
-1.37183
-0.340939
0.703592
1.62887
2.34915
2.87048
3.20246
3.39821
3.48199
3.49068
3.43973
3.3536
3.23703
3.10225
2.96469
2.81009
2.65134
2.50065
2.36821
2.24139
2.13041
2.03752
1.95981
1.89277
1.8315
1.77812
1.7322
1.69325
1.66069
1.63545
1.6159
1.60203
1.57544
1.57259
1.55555
1.52795
1.513
1.48875
1.43347
1.39471
1.33631
1.27317
1.20089
1.11493
1.04486
0.960365
0.878586
0.797105
0.713991
0.639274
0.559088
0.488604
0.423684
0.351664
0.299703
0.233528
0.187982
0.13453
0.106737
0.0392465
0.0667166
-0.0711991
-12.3447
-12.8571
-12.574
-12.6273
-12.5332
-11.838
-10.4986
-8.77368
-6.89367
-5.0214
-3.42555
-2.36779
-1.45259
-0.394827
0.700928
1.66765
2.40872
2.93839
3.26196
3.44969
3.51946
3.51585
3.45442
3.35938
3.23461
3.0933
2.95022
2.78705
2.62259
2.46766
2.33267
2.20205
2.08884
1.99608
1.91892
1.85248
1.79208
1.74001
1.69563
1.65891
1.62948
1.60686
1.59093
1.57977
1.55653
1.56029
1.54663
1.5234
1.51591
1.497
1.44487
1.41187
1.35624
1.29583
1.22534
1.13915
1.07082
0.98532
0.903243
0.820328
0.736192
0.660083
0.577658
0.505784
0.439225
0.36536
0.312605
0.243992
0.197293
0.14246
0.113592
0.0440771
0.0710786
-0.0706286
-13.7056
-13.8499
-13.3238
-13.444
-13.3885
-12.6274
-11.1279
-9.23106
-7.18434
-5.14612
-3.42956
-2.39967
-1.52743
-0.4466
0.695323
1.69567
2.4487
2.9772
3.29289
3.4759
3.5361
3.52908
3.46066
3.35893
3.22756
3.07919
2.93164
2.7625
2.5935
2.43336
2.29618
2.16204
2.04706
1.95518
1.87834
1.81246
1.7527
1.70188
1.65972
1.62538
1.59821
1.57923
1.56703
1.55823
1.53908
1.54758
1.53861
1.52058
1.51896
1.50531
1.45701
1.42979
1.37717
1.31963
1.25136
1.16507
1.09814
1.01168
0.92929
0.844879
0.75941
0.681536
0.597386
0.524069
0.455684
0.379695
0.325699
0.255208
0.207264
0.15104
0.12087
0.0494438
0.0756968
-0.0696508
-15.107
-14.6699
-13.9509
-14.1647
-14.1467
-13.3229
-11.6737
-9.61895
-7.43109
-5.24225
-3.39891
-2.41062
-1.58861
-0.495657
0.672706
1.68396
2.43546
2.96448
3.27357
3.45944
3.51684
3.51209
3.44597
3.34539
3.21249
3.06234
2.91105
2.73485
2.56272
2.39908
2.25991
2.12207
2.00565
1.91449
1.83794
1.77245
1.71363
1.66419
1.62397
1.59188
1.56785
1.55163
1.54283
1.53658
1.52131
1.53606
1.53065
1.51737
1.52364
1.51509
1.47111
1.44946
1.3999
1.3451
1.27865
1.19209
1.12676
1.03929
0.95637
0.870345
0.783679
0.704183
0.617714
0.542874
0.472521
0.394657
0.339693
0.266698
0.21745
0.159885
0.128264
0.0550579
0.0804048
-0.0683207
-16.5832
-15.3343
-14.4598
-14.7888
-14.8147
-13.9262
-12.1461
-9.94914
-7.64324
-5.30935
-3.34707
-2.39498
-1.62277
-0.544229
0.607678
1.60389
2.34422
2.86887
3.17942
3.37348
3.43786
3.4464
3.39203
3.30406
3.18135
3.03724
2.88546
2.70605
2.53181
2.36435
2.22317
2.08192
1.96458
1.87426
1.79774
1.73256
1.67458
1.62648
1.58869
1.55892
1.53743
1.52446
1.51927
1.51481
1.50494
1.52396
1.52221
1.5162
1.52803
1.52483
1.48561
1.4696
1.42333
1.37144
1.30671
1.22083
1.15644
1.06806
0.984552
0.896959
0.809215
0.727171
0.639081
0.562582
0.490207
0.410771
0.353508
0.278894
0.228255
0.169282
0.136109
0.0611591
0.0853858
-0.0665914
-18.0727
-15.824
-14.9153
-15.3524
-15.3979
-14.4424
-12.5498
-10.2236
-7.82119
-5.36011
-3.28362
-2.34
-1.61891
-0.6103
0.472437
1.42769
2.15328
2.68015
3.00368
3.2146
3.29616
3.32391
3.28754
3.21873
3.11527
2.98933
2.84828
2.67352
2.50026
2.32952
2.18581
2.04176
1.924
1.83435
1.75776
1.69294
1.63583
1.58919
1.55386
1.52627
1.50756
1.498
1.49571
1.49342
1.48911
1.51203
1.51421
1.51591
1.53298
1.53527
1.50136
1.49057
1.44778
1.39875
1.33538
1.25112
1.18709
1.09786
1.01363
0.924425
0.835482
0.750866
0.661192
0.582874
0.508351
0.427503
0.367587
0.291588
0.239363
0.179025
0.144113
0.0676035
0.0905076
-0.0645224
-19.722
-16.288
-15.4272
-15.8657
-15.8864
-14.8805
-12.8894
-10.446
-7.96626
-5.40326
-3.21898
-2.23612
-1.60075
-0.75829
0.192162
1.08747
1.80676
2.35399
2.71025
2.95467
3.06882
3.12615
3.11717
3.07461
2.9968
2.89728
2.77932
2.62381
2.46183
2.29333
2.14754
2.0012
1.88346
1.79428
1.7176
1.65322
1.59713
1.55216
1.51917
1.49384
1.4783
1.47213
1.47209
1.47288
1.47366
1.50068
1.50753
1.51631
1.539
1.54694
1.51879
1.51287
1.47373
1.42737
1.3652
1.28296
1.2188
1.12879
1.04363
0.952741
0.862282
0.775412
0.683925
0.603642
0.52686
0.444494
0.382108
0.304647
0.250681
0.189009
0.152211
0.0743131
0.0957252
-0.0621442
)
;

boundaryField
{
    inlet
    {
        type            freestreamPressure;
        freestreamValue uniform 0;
        value           nonuniform List<scalar> 
230
(
-0.102009
-0.105424
-0.108872
-0.11165
-0.114064
-0.116336
-0.118617
-0.120755
-0.122739
-0.124489
-0.126086
-0.127484
-0.128736
-0.129776
-0.13065
-0.131302
-0.131785
-0.132047
-0.132136
-0.132
-0.131688
-0.131152
-0.130439
-0.129502
-0.128382
-0.127048
-0.125528
-0.123806
-0.121883
-0.119779
-0.117468
-0.114997
-0.112303
-0.109475
-0.106416
-0.103244
-0.0998332
-0.0963275
-0.0925814
-0.0887532
-0.0846856
-0.0805428
-0.0761637
-0.0717138
-0.0670343
-0.0622855
-0.0573132
-0.0522777
-0.0470319
-0.0417319
-0.036237
-0.030704
-0.0250171
-0.0193056
-0.0134846
-0.00766844
-0.00184324
0.00393973
0.0096057
0.0151389
0.0205492
0.0259436
0.0313896
0.036662
0.0411903
0.0442033
0.0453374
0.0449399
0.0449105
0.0458819
0.0524895
0.0547518
0.0793951
0.0210618
0.222792
0.0704687
-0.0467735
-0.134094
-0.196513
-0.239077
-0.266203
-0.281547
-0.288006
-0.287917
-0.283044
-0.274858
-0.264377
-0.252517
-0.239823
-0.226841
-0.214194
-0.201691
-0.189507
-0.178129
-0.16761
-0.158117
-0.149424
-0.141562
-0.134403
-0.128028
-0.12231
-0.117314
-0.112912
-0.109172
-0.105964
-0.103362
-0.101234
-0.0996569
-0.0984942
-0.0978312
-0.0975247
-0.0976691
-0.0980941
-0.0989796
-0.0999747
0.405928
0.587664
0.750645
0.886646
0.994674
1.07809
1.14174
1.19021
1.22729
1.25592
1.27824
1.29587
1.3099
1.32118
1.33025
1.33755
1.34336
1.34789
1.35133
1.3538
1.35552
1.35647
1.35681
1.35632
1.35528
1.35353
1.35143
1.34877
1.34597
1.34278
1.33965
1.3363
1.33316
1.32994
1.32707
1.32422
1.32178
1.31944
1.31755
1.31583
1.31451
1.31459
1.3167
1.31717
1.31694
1.31679
1.31682
1.31683
1.31666
1.31639
1.31597
1.31553
1.31491
1.31429
1.31344
1.31261
1.31154
1.31049
1.30918
1.3079
1.30634
1.30481
1.30297
1.30116
1.29904
1.2969
1.29444
1.29192
1.28909
1.28612
1.28284
1.27932
1.27548
1.27131
1.26677
1.2618
1.2564
1.25045
1.24397
1.23684
1.22905
1.22047
1.21108
1.20074
1.18943
1.17699
1.16341
1.14849
1.13225
1.11449
1.09522
1.07426
1.05161
1.02715
1.00084
0.972635
0.942484
0.910407
0.876362
0.840421
0.802585
0.762952
0.721589
0.678583
0.634081
0.58813
0.54091
0.492317
0.442431
0.390992
0.337577
0.281142
0.219247
0.146968
0.0522632
)
;
    }
    outlet
    {
        type            freestreamPressure;
        freestreamValue uniform 0;
        value           nonuniform List<scalar> 
96
(
-0.00235032
-0.00224577
-0.00214392
-0.00204699
-0.00195681
-0.00187013
-0.00178697
-0.00170724
-0.00163147
-0.00155979
-0.00149146
-0.00142734
-0.0013665
-0.00131062
-0.00125836
-0.00121183
-0.00116992
-0.00113579
-0.00110638
-0.00108253
-0.00106337
-0.00105104
-0.00104533
-0.00104806
-0.00105849
-0.00107847
-0.00110735
-0.00114789
-0.00119852
-0.00126262
-0.00133876
-0.00143108
-0.0015392
-0.00166944
-0.00182321
-0.00200873
-0.00223245
-0.00249923
-0.00278729
-0.00305018
-0.00324933
-0.00313168
-0.00233415
-0.000188232
0.000778169
0.00184048
-0.00687912
0.00392119
0.00273356
0.00189483
0.0012073
0.00112569
0.00110427
0.000987742
0.00086626
0.000777616
0.000698696
0.000617026
0.000532561
0.000449385
0.000364659
0.000278636
0.000188922
9.65645e-05
-7.89511e-07
-0.000102948
-0.000211807
-0.000326886
-0.000449306
-0.000578221
-0.000713925
-0.000855141
-0.00100141
-0.00115126
-0.00130359
-0.00145682
-0.00160938
-0.00175973
-0.00190594
-0.00204644
-0.00217873
-0.00230055
-0.00240965
-0.00250499
-0.00258587
-0.0026515
-0.00270148
-0.00273521
-0.00275315
-0.00275454
-0.00274107
-0.00271158
-0.00266809
-0.00260863
-0.0025354
-0.00244957
)
;
    }
    walls
    {
        type            zeroGradient;
    }
    frontAndBack
    {
        type            empty;
    }
}


// ************************************************************************* //
