/*--------------------------------*- C++ -*----------------------------------*\
| =========                 |                                                 |
| \\      /  F ield         | OpenFOAM: The Open Source CFD Toolbox           |
|  \\    /   O peration     | Version:  2312                                  |
|   \\  /    A nd           | Website:  www.openfoam.com                      |
|    \\/     M anipulation  |                                                 |
\*---------------------------------------------------------------------------*/
FoamFile
{
    version     2.0;
    format      ascii;
    arch        "LSB;label=32;scalar=64";
    class       volScalarField;
    location    "50";
    object      p;
}
// * * * * * * * * * * * * * * * * * * * * * * * * * * * * * * * * * * * * * //

dimensions      [0 2 -2 0 0 0 0];

internalField   nonuniform List<scalar> 
11040
(
-24.03
-20.72
-18.1984
-16.3388
-14.2182
-14.6659
-17.0696
-19.2676
-21.0461
-22.3059
-24.3251
-27.4383
-29.2532
-29.14
-29.3533
-30.7475
-33.246
-37.4839
-42.9814
-49.2323
-55.7242
-61.7943
-67.1429
-71.5579
-74.5747
-76.2714
-76.2285
-74.9488
-72.1776
-68.4733
-63.8131
-58.6824
-53.167
-47.5687
-42.0421
-36.8197
-32.0694
-27.5208
-22.7396
-18.9598
-20.5127
-11.772
-16.203
-18.8412
-17.3065
-15.1008
-14.9162
-16.7231
-18.7091
-20.7683
-22.2696
-24.1685
-27.1562
-29.0584
-29.0827
-29.2508
-30.4912
-32.8206
-36.9612
-42.4156
-48.6527
-55.1694
-61.2981
-66.7246
-71.2328
-74.3584
-76.1494
-76.2054
-74.9938
-72.2902
-68.6254
-63.9978
-58.8769
-53.3679
-47.7694
-42.2461
-37.0321
-32.293
-27.7667
-23.0493
-19.3524
-20.848
-4.41296
-10.1965
-17.1611
-18.0168
-16.0649
-15.0157
-15.7915
-17.6233
-20.16
-22.1599
-24.1268
-27.0105
-28.9094
-29.0111
-29.1587
-30.3205
-32.5565
-36.6362
-42.033
-48.2036
-54.6842
-60.8333
-66.2982
-70.8562
-74.0717
-75.9353
-76.0937
-74.9455
-72.3222
-68.7017
-64.118
-59.0124
-53.5158
-47.9253
-42.4155
-37.2226
-32.5003
-27.9964
-23.3631
-19.7901
-20.9337
-0.73824
-6.38097
-11.9697
-16.4614
-16.2712
-14.6097
-14.4347
-16.4326
-19.537
-22.0209
-24.041
-26.8666
-28.7531
-28.9106
-29.0368
-30.2155
-32.4611
-36.449
-41.7159
-47.7792
-54.1998
-60.3633
-65.8809
-70.5055
-73.8301
-75.779
-76.0612
-74.9841
-72.4559
-68.8836
-64.3516
-59.2591
-53.774
-48.1869
-42.6907
-37.5207
-32.8147
-28.3279
-23.7787
-20.2939
-20.7256
2.57772
-2.70671
-7.26309
-12.1853
-14.9079
-13.8512
-12.9537
-14.9053
-18.6865
-21.7976
-23.7834
-26.4598
-28.4248
-28.721
-28.7972
-29.9833
-32.2814
-36.1555
-41.2676
-47.2209
-53.5964
-59.7851
-65.3701
-70.0806
-73.5438
-75.6081
-76.0457
-75.0665
-72.6572
-69.1515
-64.6847
-59.6129
-54.1408
-48.5549
-43.0675
-37.9159
-33.2174
-28.7429
-24.2857
-20.8532
-20.4199
4.82315
0.231
-4.18416
-8.32601
-11.7453
-12.6682
-11.7606
-13.1112
-17.3796
-21.4653
-23.6562
-25.8594
-27.7477
-28.3175
-28.4474
-29.6642
-32.0284
-35.7872
-40.7395
-46.5854
-52.9267
-59.1532
-64.8217
-69.6469
-73.2715
-75.4858
-76.1007
-75.2457
-72.967
-69.5402
-65.1422
-60.0952
-54.6361
-49.049
-43.5656
-38.422
-33.715
-29.24
-24.872
-21.4541
-20.2189
6.18006
2.31312
-1.7454
-5.6226
-8.78509
-10.6374
-11.0473
-11.6511
-15.7919
-21.0864
-24.2192
-25.8415
-26.8813
-27.5209
-27.9027
-29.2487
-31.6971
-35.3543
-40.1481
-45.8784
-52.1863
-58.4621
-64.2277
-69.1984
-73.0195
-75.4371
-76.2646
-75.5744
-73.4412
-70.1091
-65.779
-60.7586
-55.3085
-49.7152
-44.2266
-39.0715
-34.3332
-29.8408
-25.5504
-22.1091
-20.2218
6.94434
3.71337
0.275355
-3.26318
-6.47306
-8.80132
-10.2871
-11.3495
-14.3829
-20.4204
-25.1962
-26.8607
-26.5892
-26.3642
-27.0109
-28.5755
-31.1841
-34.8027
-39.4747
-45.1076
-51.4037
-57.7513
-63.6419
-68.7963
-72.8587
-75.5322
-76.6162
-76.1276
-74.1574
-70.9276
-66.662
-61.6636
-56.2153
-50.6079
-45.0972
-39.9031
-35.0996
-30.5666
-26.3172
-22.8098
-20.3926
7.29329
4.558
1.69709
-1.30504
-4.34153
-7.09917
-9.39383
-11.4063
-14.107
-19.257
-25.1735
-27.6859
-26.8886
-25.3832
-25.873
-27.5708
-30.3903
-34.0575
-38.6823
-44.2623
-50.5852
-57.0448
-63.1055
-68.4929
-72.8517
-75.8463
-77.2463
-77.0088
-75.2304
-72.1163
-67.9153
-62.9314
-57.4724
-51.8309
-46.2664
-40.9862
-36.0681
-31.4497
-27.1766
-23.5435
-20.6685
7.30989
4.95534
2.54163
0.00571522
-2.63206
-5.32872
-8.01259
-10.7041
-13.6763
-17.8564
-23.3128
-26.9766
-26.4595
-24.945
-24.8976
-26.4688
-29.3587
-33.0922
-37.7447
-43.3437
-49.7561
-56.3931
-62.6869
-68.3693
-73.0857
-76.4796
-78.2597
-78.3529
-76.807
-73.847
-69.7134
-64.7405
-59.2415
-53.5237
-47.8418
-42.3976
-37.2904
-32.5081
-28.1154
-24.273
-20.9765
7.0666
5.00036
2.92052
0.741857
-1.5373
-3.9208
-6.45118
-9.20865
-12.277
-15.876
-20.1791
-24.1134
-25.5842
-24.564
-23.6685
-25.3547
-28.3675
-32.0594
-36.7272
-42.3879
-48.9503
-55.8417
-62.4535
-68.5061
-73.6579
-77.5134
-79.8002
-80.3056
-79.1071
-76.3417
-72.3147
-67.3243
-61.7349
-55.85
-49.9372
-44.2151
-38.8014
-33.752
-29.1051
-24.9678
-21.2531
6.62961
4.77753
2.94646
1.04435
-0.956939
-3.05906
-5.29769
-7.75274
-10.5272
-13.6943
-17.1936
-20.6317
-23.0965
-23.7816
-23.5487
-24.2373
-26.9389
-30.9985
-35.7924
-41.5053
-48.2314
-55.4199
-62.4392
-68.9717
-74.6353
-79.0814
-81.972
-83.0872
-82.3576
-79.9173
-76.0132
-70.981
-65.1971
-59.0021
-52.7063
-46.5439
-40.7052
-35.2443
-30.2343
-25.6967
-21.6014
6.05822
4.37034
2.722
1.03585
-0.739585
-2.61833
-4.61879
-6.77848
-9.15911
-11.831
-14.7894
-17.8265
-20.5064
-22.3068
-23.3486
-24.3344
-26.2569
-29.7544
-34.7249
-40.7476
-47.6601
-55.128
-62.5704
-69.6442
-75.9201
-81.0787
-84.7356
-86.6532
-86.5892
-84.6239
-80.9092
-75.823
-69.7492
-63.12
-56.2898
-49.5711
-43.1846
-37.2229
-31.7465
-26.7787
-22.3189
5.40638
3.85199
2.34722
0.829978
-0.751734
-2.42649
-4.21435
-6.13427
-8.21062
-10.4722
-12.9449
-15.59
-18.2553
-20.6703
-22.7006
-24.5341
-26.64
-29.5704
-33.8493
-39.6958
-46.9218
-54.7949
-62.6348
-70.1572
-77.0476
-82.8364
-87.2531
-89.917
-90.6612
-89.3156
-86.0236
-81.0301
-74.7958
-67.7989
-60.4754
-53.2271
-46.2858
-39.8215
-33.8614
-28.4854
-23.6845
4.71823
3.2809
1.899
0.52377
-0.890243
-2.37447
-3.95289
-5.64153
-7.45881
-9.41824
-11.5323
-13.8065
-16.2275
-18.7292
-21.2401
-23.7725
-26.4831
-29.6339
-33.5752
-38.7296
-45.4189
-53.2315
-61.3846
-69.4606
-76.9194
-83.3403
-88.377
-91.7607
-93.2063
-92.5583
-89.8179
-85.1877
-79.0821
-72.0066
-64.4614
-56.8612
-49.5304
-42.6204
-36.2618
-30.4866
-25.3924
4.03335
2.70395
1.43194
0.179359
-1.09197
-2.40943
-3.7989
-5.27596
-6.85721
-8.55768
-10.3899
-12.3641
-14.4919
-16.7743
-19.2177
-21.8532
-24.7707
-28.1057
-32.0336
-36.7967
-42.7189
-49.6567
-57.1328
-64.9169
-72.483
-79.2792
-84.7799
-88.6362
-90.5771
-90.5243
-88.4982
-84.6092
-79.1221
-72.4991
-65.2546
-57.8314
-50.5907
-43.7145
-37.3649
-31.5877
-26.4973
3.39395
2.16722
0.996343
-0.149315
-1.30067
-2.4814
-3.71361
-5.01427
-6.39644
-7.87333
-9.45686
-11.1615
-13.0017
-14.9896
-17.1407
-19.4857
-22.0819
-25.0281
-28.4453
-32.4694
-37.2619
-42.744
-48.6338
-54.8134
-60.9586
-66.6829
-71.5057
-75.0507
-76.9908
-77.1849
-75.6233
-72.5349
-68.2223
-63.0125
-57.2592
-51.2906
-45.3963
-39.7265
-34.4232
-29.5419
-25.1805
2.84166
1.70916
0.629937
-0.422231
-1.47241
-2.54115
-3.64644
-4.80383
-6.02475
-7.31989
-8.69782
-10.1713
-11.7535
-13.4579
-15.2965
-17.2882
-19.4564
-21.8431
-24.5003
-27.4981
-30.8918
-34.6056
-38.4652
-42.3838
-46.1794
-49.6673
-52.59
-54.7458
-55.9392
-56.0959
-55.1945
-53.3276
-50.6406
-47.3399
-43.6464
-39.7578
-35.853
-32.024
-28.366
-24.9333
-21.7899
2.38183
1.33434
0.33829
-0.629676
-1.59012
-2.56107
-3.55765
-4.59329
-5.67842
-6.82244
-8.0314
-9.31495
-10.6818
-12.1428
-13.7049
-15.3803
-17.1772
-19.1108
-21.1903
-23.4333
-25.8405
-28.3348
-30.7955
-33.1681
-35.3515
-37.2653
-38.79
-39.8478
-40.3521
-40.2844
-39.6425
-38.4857
-36.8911
-34.9468
-32.7388
-30.3616
-27.9198
-25.4734
-23.0905
-20.8129
-18.6838
2.00435
1.03532
0.115829
-0.774724
-1.65377
-2.53659
-3.43648
-4.3645
-5.32924
-6.33916
-7.39898
-8.51578
-9.69478
-10.9426
-12.2622
-13.6596
-15.1364
-16.6982
-18.3428
-20.0709
-21.8666
-23.6561
-25.3493
-26.9108
-28.2761
-29.406
-30.2418
-30.7575
-30.9205
-30.7383
-30.2177
-29.396
-28.313
-27.0188
-25.5673
-24.0139
-22.4166
-20.8027
-19.2131
-17.6728
-16.2109
1.69417
0.797725
-0.0502517
-0.869938
-1.67354
-2.47675
-3.28847
-4.12084
-4.97728
-5.86825
-6.79335
-7.7623
-8.77307
-9.83459
-10.9416
-12.1026
-13.3084
-14.5659
-15.8608
-17.1955
-18.543
-19.8531
-21.0545
-22.1326
-23.0377
-23.7581
-24.2558
-24.5308
-24.5636
-24.3712
-23.9583
-23.356
-22.5885
-21.6902
-20.6931
-19.6301
-18.5349
-17.423
-16.3201
-15.2406
-14.2027
1.44062
0.611646
-0.170875
-0.924013
-1.65953
-2.3888
-3.12259
-3.86753
-4.63034
-5.41436
-6.22451
-7.06208
-7.93129
-8.8305
-9.76186
-10.7217
-11.7102
-12.7196
-13.7461
-14.7759
-15.7972
-16.7576
-17.6238
-18.3721
-18.9879
-19.4507
-19.7565
-19.895
-19.8724
-19.6914
-19.3691
-18.9204
-18.3676
-17.7299
-17.0283
-16.284
-15.5139
-14.7321
-13.948
-13.1778
-12.4233
1.23348
0.467282
-0.254197
-0.946659
-1.61907
-2.28222
-2.94504
-3.61371
-4.29315
-4.98624
-5.69627
-6.42429
-7.17306
-7.94016
-8.72557
-9.52495
-10.3366
-11.1526
-11.9678
-12.7694
-13.5462
-14.2587
-14.8857
-15.4123
-15.8309
-16.1305
-16.3126
-16.3738
-16.3222
-16.1626
-15.909
-15.5718
-15.1666
-14.7057
-14.2021
-13.6685
-13.1157
-12.5509
-11.9798
-11.4142
-10.8541
1.06602
0.357589
-0.308007
-0.943971
-1.55949
-2.16191
-2.76171
-3.36161
-3.96834
-4.58129
-5.20547
-5.83872
-6.4861
-7.14169
-7.80746
-8.47507
-9.14538
-9.8071
-10.4584
-11.0842
-11.6791
-12.21
-12.6677
-13.0403
-13.3274
-13.5213
-13.6283
-13.6465
-13.5856
-13.4486
-13.2473
-12.9885
-12.6835
-12.3395
-11.9653
-11.5692
-11.1577
-10.7362
-10.3084
-9.88273
-9.45888
0.931064
0.276448
-0.337377
-0.922534
-1.485
-2.03355
-2.57514
-3.11484
-3.65515
-4.19879
-4.74584
-5.29814
-5.85507
-6.41655
-6.97805
-7.53734
-8.08838
-8.62755
-9.14631
-9.63885
-10.094
-10.4943
-10.8286
-11.0969
-11.2937
-11.422
-11.4818
-11.4788
-11.4159
-11.3006
-11.1377
-10.9352
-10.6987
-10.4346
-10.1487
-9.8464
-9.53315
-9.21117
-8.88534
-8.55942
-8.23592
0.823971
0.218155
-0.348169
-0.886195
-1.40097
-1.89984
-2.38969
-2.87438
-3.35643
-3.83747
-4.31777
-4.79793
-5.27765
-5.75645
-6.23046
-6.69705
-7.15106
-7.58902
-8.00413
-8.39158
-8.74287
-9.04533
-9.29298
-9.48699
-9.62461
-9.70889
-9.74107
-9.72622
-9.66677
-9.56868
-9.43573
-9.27391
-9.0873
-8.88089
-8.65855
-8.42445
-8.18261
-7.93482
-7.6847
-7.43516
-7.1878
0.739105
0.178912
-0.344083
-0.83948
-1.31022
-1.76469
-2.2073
-2.64333
-3.07285
-3.49917
-3.92037
-4.33867
-4.75153
-5.16056
-5.56053
-5.95101
-6.32542
-6.68288
-7.01601
-7.32295
-7.59548
-7.82627
-8.01101
-8.15288
-8.24931
-8.30437
-8.31875
-8.29748
-8.24236
-8.15858
-8.04883
-7.91806
-7.76933
-7.60641
-7.43234
-7.25024
-7.06304
-6.87203
-6.67989
-6.48885
-6.29979
0.672902
0.153905
-0.32903
-0.784934
-1.2164
-1.62983
-2.03088
-2.42235
-2.80628
-3.18326
-3.55397
-3.91765
-4.27461
-4.62333
-4.96278
-5.28921
-5.60044
-5.89226
-6.16221
-6.40568
-6.6197
-6.79593
-6.93565
-7.03895
-7.10723
-7.14153
-7.14542
-7.12082
-7.07151
-6.99998
-6.91002
-6.80431
-6.68618
-6.55781
-6.42178
-6.28024
-6.13518
-5.98773
-5.83943
-5.69244
-5.54675
0.621085
0.140855
-0.305936
-0.725886
-1.12114
-1.49797
-1.86102
-2.2133
-2.5561
-2.89032
-3.21624
-3.53347
-3.84183
-4.14035
-4.42825
-4.70258
-4.96135
-5.20123
-5.42033
-5.61507
-5.7834
-5.91941
-6.02523
-6.10144
-6.14964
-6.1708
-6.16808
-6.14337
-6.09983
-6.03951
-5.96555
-5.88
-5.78549
-5.68373
-5.57667
-5.46585
-5.35267
-5.23788
-5.12257
-5.00832
-4.89494
0.580903
0.135492
-0.277262
-0.664183
-1.02681
-1.36996
-1.69929
-2.01603
-2.32282
-2.61896
-2.90619
-3.18279
-3.44996
-3.7056
-3.9505
-4.18111
-4.39706
-4.59451
-4.77306
-4.92916
-5.06232
-5.16753
-5.24815
-5.30442
-5.33832
-5.35054
-5.34418
-5.3205
-5.28238
-5.23139
-5.17015
-5.10036
-5.02416
-4.94286
-4.85799
-4.77061
-4.68176
-4.59183
-4.50162
-4.41221
-4.3233
0.549282
0.136813
-0.245366
-0.601888
-0.934249
-1.24744
-1.54567
-1.83131
-2.10537
-2.36877
-2.62146
-2.86368
-3.09481
-3.31484
-3.52267
-3.7176
-3.89741
-4.061
-4.2063
-4.33247
-4.43753
-4.5197
-4.58078
-4.62285
-4.64624
-4.65304
-4.64456
-4.62304
-4.58991
-4.54725
-4.49658
-4.43975
-4.37808
-4.31291
-4.24521
-4.17596
-4.10574
-4.03493
-3.96393
-3.8937
-3.82361
0.524615
0.141524
-0.211496
-0.540336
-0.845112
-1.13061
-1.40108
-1.65836
-1.90378
-2.13786
-2.3609
-2.57295
-2.77369
-2.96294
-3.14009
-3.3047
-3.45514
-3.59058
-3.70944
-3.81123
-3.89468
-3.95871
-4.00536
-4.03659
-4.05277
-4.0557
-4.04663
-4.02745
-3.99927
-3.96381
-3.9222
-3.87597
-3.82611
-3.77377
-3.71963
-3.66453
-3.60886
-3.55294
-3.49695
-3.44172
-3.3865
0.50479
0.149588
-0.177619
-0.480509
-0.759914
-1.0204
-1.26529
-1.49737
-1.71687
-1.92536
-2.12219
-2.30837
-2.48281
-2.64614
-2.79722
-2.93659
-3.06242
-3.17475
-3.27195
-3.35435
-3.42063
-3.47068
-3.50627
-3.52949
-3.54049
-3.54112
-3.53218
-3.51547
-3.49174
-3.46251
-3.42855
-3.3912
-3.35111
-3.30927
-3.26612
-3.22243
-3.17835
-3.13427
-3.09015
-3.04681
-3.00336
0.48927
0.15872
-0.143805
-0.423372
-0.679516
-0.916818
-1.13889
-1.3477
-1.54443
-1.72969
-1.90395
-2.06714
-2.21941
-2.36022
-2.48976
-2.60753
-2.71327
-2.80609
-2.88594
-2.9522
-3.00506
-3.04381
-3.07119
-3.08813
-3.09568
-3.09457
-3.08632
-3.07177
-3.05218
-3.0282
-3.00096
-2.97101
-2.93929
-2.90612
-2.87222
-2.83776
-2.80325
-2.76856
-2.73409
-2.70009
-2.66624
0.476819
0.169602
-0.111428
-0.369071
-0.604271
-0.820564
-1.02173
-1.2096
-1.38554
-1.55017
-1.70414
-1.84741
-1.98021
-2.10208
-2.21319
-2.31315
-2.40195
-2.47896
-2.5443
-2.59773
-2.6397
-2.66979
-2.69066
-2.70311
-2.70806
-2.70612
-2.69864
-2.68623
-2.67001
-2.65049
-2.62864
-2.60485
-2.57992
-2.55399
-2.52769
-2.50101
-2.4744
-2.44765
-2.42111
-2.39495
-2.36887
0.467576
0.180768
-0.0798268
-0.318373
-0.534306
-0.731751
-0.913855
-1.08281
-1.23976
-1.38579
-1.52143
-1.64702
-1.7627
-1.86823
-1.96365
-2.04877
-2.12357
-2.18765
-2.24121
-2.28427
-2.31742
-2.34066
-2.35647
-2.3656
-2.36883
-2.36662
-2.36006
-2.34968
-2.33641
-2.32066
-2.30328
-2.28456
-2.26518
-2.24521
-2.22515
-2.20494
-2.18493
-2.16489
-2.1451
-2.12571
-2.10634
0.460859
0.193254
-0.0498733
-0.270633
-0.469696
-0.6501
-0.815279
-0.966892
-1.10682
-1.23568
-1.35483
-1.46425
-1.56476
-1.65581
-1.73786
-1.81037
-1.87374
-1.92726
-1.97143
-2.0061
-2.03225
-2.04991
-2.06172
-2.06823
-2.0703
-2.06817
-2.06283
-2.0545
-2.04403
-2.03161
-2.01807
-2.00353
-1.9887
-1.97353
-1.95853
-1.9435
-1.92883
-1.91421
-1.89991
-1.88604
-1.87221
0.456999
0.206031
-0.0206551
-0.226168
-0.409991
-0.575408
-0.725328
-0.861679
-0.985964
-1.0995
-1.20327
-1.29813
-1.3845
-1.46273
-1.5327
-1.59465
-1.6483
-1.69359
-1.73025
-1.75873
-1.77935
-1.79296
-1.8015
-1.80623
-1.80743
-1.8059
-1.80189
-1.79599
-1.78825
-1.77924
-1.76908
-1.75837
-1.7472
-1.7361
-1.72497
-1.71421
-1.70354
-1.6932
-1.6828
-1.67297
-1.6627
0.455391
0.219885
0.00713554
-0.184377
-0.354897
-0.50713
-0.643627
-0.766352
-0.87675
-0.976323
-1.0662
-1.14752
-1.22094
-1.28714
-1.34621
-1.39854
-1.44393
-1.48229
-1.51319
-1.53688
-1.55348
-1.56381
-1.56966
-1.57233
-1.57229
-1.57043
-1.56702
-1.56258
-1.55699
-1.5506
-1.54333
-1.53564
-1.52752
-1.51949
-1.51148
-1.50389
-1.49647
-1.48941
-1.48227
-1.47558
-1.46829
0.456154
0.233815
0.0340096
-0.145474
-0.304134
-0.444628
-0.569385
-0.68003
-0.778195
-0.865257
-0.942646
-1.01157
-1.07306
-1.128
-1.17685
-1.22021
-1.25815
-1.29067
-1.31727
-1.33795
-1.35252
-1.36149
-1.36628
-1.36807
-1.3674
-1.3653
-1.36221
-1.35871
-1.35472
-1.35045
-1.34564
-1.34051
-1.33491
-1.32924
-1.32345
-1.31795
-1.31262
-1.30772
-1.3029
-1.29861
-1.2938
0.458783
0.248273
0.0592765
-0.109226
-0.25733
-0.387389
-0.501568
-0.601669
-0.688964
-0.765176
-0.83142
-0.889342
-0.939862
-0.984365
-1.02334
-1.05784
-1.08798
-1.11425
-1.13609
-1.15361
-1.1662
-1.17416
-1.17827
-1.17947
-1.17806
-1.17516
-1.17129
-1.16731
-1.1633
-1.15961
-1.15593
-1.15239
-1.14864
-1.14488
-1.14095
-1.13721
-1.1336
-1.13049
-1.12769
-1.12575
-1.12372
0.463161
0.262357
0.083061
-0.0760464
-0.214617
-0.335071
-0.439597
-0.529942
-0.607677
-0.674263
-0.731071
-0.779348
-0.820439
-0.855516
-0.885821
-0.912239
-0.935703
-0.956466
-0.974763
-0.990203
-1.00267
-1.01163
-1.01782
-1.02113
-1.02195
-1.02061
-1.01801
-1.01461
-1.01115
-1.00779
-1.00488
-1.00222
-0.999889
-0.99754
-0.995265
-0.992856
-0.99056
-0.988343
-0.986449
-0.985203
-0.984083
0.467724
0.275326
0.104217
-0.0462984
-0.176336
-0.288052
-0.383656
-0.464889
-0.533514
-0.591161
-0.639373
-0.679382
-0.712359
-0.739185
-0.760918
-0.778491
-0.793153
-0.805648
-0.816727
-0.82636
-0.834663
-0.841113
-0.846221
-0.849455
-0.850801
-0.850133
-0.847986
-0.844652
-0.840855
-0.836929
-0.833468
-0.830558
-0.828489
-0.827041
-0.826259
-0.825827
-0.825763
-0.825853
-0.826138
-0.82684
-0.827491
0.470863
0.285087
0.121669
-0.0205925
-0.142197
-0.245607
-0.333095
-0.406325
-0.466903
-0.516341
-0.556248
-0.58821
-0.613924
-0.634773
-0.651969
-0.666146
-0.67802
-0.688047
-0.697018
-0.705194
-0.713014
-0.720204
-0.727162
-0.733239
-0.738177
-0.741452
-0.743163
-0.743206
-0.74202
-0.739838
-0.737301
-0.734707
-0.732587
-0.73103
-0.730286
-0.730168
-0.730659
-0.731466
-0.73244
-0.733667
-0.734432
0.474218
0.293074
0.135781
0.00133667
-0.111311
-0.205319
-0.283671
-0.34874
-0.402353
-0.445848
-0.48018
-0.505984
-0.523983
-0.53506
-0.540634
-0.542407
-0.54213
-0.540865
-0.539423
-0.538164
-0.537568
-0.537613
-0.538812
-0.540676
-0.542866
-0.544726
-0.54601
-0.546281
-0.545567
-0.543825
-0.541436
-0.538679
-0.536097
-0.533986
-0.532745
-0.532442
-0.533173
-0.534734
-0.536915
-0.53964
-0.542242
0.483902
0.305431
0.150926
0.0205516
-0.0860998
-0.171756
-0.239696
-0.293159
-0.335218
-0.368774
-0.396177
-0.419341
-0.439429
-0.456908
-0.471483
-0.482369
-0.489366
-0.49331
-0.495545
-0.49701
-0.498554
-0.500599
-0.503749
-0.507793
-0.512615
-0.517657
-0.522593
-0.526806
-0.530009
-0.531867
-0.532424
-0.531775
-0.530286
-0.528314
-0.526303
-0.524544
-0.523274
-0.522543
-0.522224
-0.522403
-0.522325
0.495546
0.319118
0.165787
0.0354668
-0.0716979
-0.157099
-0.222804
-0.270867
-0.303655
-0.323295
-0.332203
-0.332366
-0.326146
-0.3155
-0.302882
-0.290212
-0.27844
-0.267262
-0.256671
-0.246578
-0.237449
-0.229342
-0.222935
-0.218184
-0.215103
-0.213364
-0.212698
-0.212612
-0.212631
-0.212357
-0.211409
-0.209744
-0.20726
-0.204295
-0.200951
-0.197734
-0.194738
-0.192346
-0.190398
-0.189135
-0.188118
0.476663
0.301971
0.157061
0.0377351
-0.0593796
-0.137835
-0.200765
-0.250765
-0.289943
-0.320156
-0.342924
-0.359696
-0.371565
-0.37965
-0.384614
-0.387263
-0.388452
-0.387956
-0.386278
-0.384578
-0.383178
-0.382676
-0.382778
-0.383725
-0.385354
-0.387865
-0.390941
-0.394566
-0.398332
-0.402118
-0.405574
-0.408635
-0.411148
-0.413229
-0.414953
-0.416591
-0.418308
-0.420416
-0.422937
-0.426223
-0.429762
-19.5068
-16.3241
-12.9093
-9.39752
-6.37075
-3.10028
-0.316806
1.73682
2.98912
3.59661
3.63271
3.44163
2.9234
2.5566
2.42525
2.41388
2.39646
2.22698
1.96105
1.64847
1.29833
1.13347
1.24674
1.62039
2.04692
2.43635
2.6357
2.76864
2.61706
2.22766
2.02887
1.66528
1.46661
1.18112
0.975694
0.862244
0.799908
0.787866
0.803011
0.790218
0.807037
0.8307
0.837523
0.841534
0.843492
0.832134
0.823201
0.821058
0.819767
0.816492
0.811847
0.806241
0.792813
0.776006
0.758865
0.738338
0.721071
0.693438
0.663823
0.628767
0.591604
0.553411
0.514872
0.473993
0.431955
0.385085
0.340921
0.292533
0.24773
0.202232
0.155592
0.111003
0.0634912
0.0275649
-20.1231
-16.7495
-13.074
-9.27258
-6.03275
-2.85034
-0.230393
1.67761
2.82568
3.38339
3.4297
3.26275
2.82841
2.5463
2.48751
2.52564
2.52682
2.35577
2.05845
1.71608
1.33909
1.15738
1.26548
1.64391
2.06889
2.4338
2.61922
2.72831
2.56418
2.17988
1.97356
1.63771
1.44091
1.16946
0.972067
0.859661
0.797042
0.782838
0.794718
0.781545
0.79641
0.817527
0.824236
0.827318
0.829805
0.820419
0.813688
0.813677
0.815044
0.813592
0.81095
0.806644
0.794716
0.779416
0.763284
0.744567
0.727525
0.700683
0.671332
0.636651
0.599459
0.56114
0.522245
0.480774
0.43815
0.390975
0.346131
0.297625
0.252433
0.206622
0.159389
0.114262
0.0662223
0.0288682
-20.1411
-16.9662
-13.1736
-9.14021
-5.70981
-2.63272
-0.192021
1.56573
2.63424
3.1621
3.24561
3.12574
2.79071
2.59147
2.58767
2.65554
2.65699
2.4707
2.13588
1.75935
1.36484
1.17455
1.28027
1.65903
2.08214
2.4248
2.59223
2.67693
2.50562
2.13419
1.9193
1.61053
1.41589
1.15833
0.967667
0.855142
0.791502
0.774873
0.783305
0.771248
0.784201
0.803022
0.80976
0.812529
0.8155
0.808499
0.80423
0.806083
0.809892
0.810344
0.809514
0.806537
0.796179
0.782476
0.767517
0.750318
0.733576
0.707464
0.678396
0.644033
0.606807
0.568307
0.529004
0.486985
0.443862
0.396447
0.351071
0.302409
0.256815
0.210664
0.162958
0.117291
0.0687378
0.0300153
-19.9741
-17.0043
-13.2502
-9.09257
-5.49988
-2.50161
-0.215356
1.40501
2.41634
2.93692
3.08372
3.03829
2.81693
2.69418
2.72436
2.79854
2.78167
2.56606
2.19313
1.77808
1.37816
1.18782
1.29197
1.66589
2.0819
2.4058
2.55116
2.6104
2.43724
2.08615
1.86398
1.58131
1.39032
1.14758
0.962477
0.849402
0.783723
0.764269
0.768959
0.759061
0.770363
0.787102
0.793804
0.797098
0.800558
0.796396
0.79484
0.798309
0.804245
0.806665
0.807386
0.805771
0.796974
0.784951
0.771278
0.755267
0.738888
0.713426
0.684687
0.650596
0.613415
0.574711
0.534968
0.492489
0.448974
0.401433
0.355688
0.306848
0.26087
0.214344
0.166299
0.120081
0.0710249
0.0309663
-19.6863
-16.9113
-13.3026
-9.19461
-5.49595
-2.50939
-0.306902
1.22633
2.21192
2.75255
2.97299
3.01216
2.90269
2.84706
2.88947
2.94475
2.88899
2.63303
2.22157
1.77422
1.37719
1.19691
1.30305
1.66528
2.07093
2.37884
2.50369
2.53704
2.36463
2.03781
1.81008
1.54938
1.36283
1.13478
0.95472
0.840544
0.772642
0.750448
0.751909
0.744968
0.755081
0.770296
0.777243
0.781544
0.785829
0.784668
0.785841
0.790937
0.798777
0.803116
0.805259
0.804992
0.797754
0.787367
0.775007
0.759883
0.7439
0.718939
0.690514
0.656582
0.619487
0.580494
0.540314
0.497473
0.453602
0.406049
0.359968
0.310951
0.264581
0.217694
0.169369
0.122643
0.0730947
0.0317567
-19.298
-16.6877
-13.2301
-9.3079
-5.64192
-2.65074
-0.45509
1.05397
2.04035
2.62149
2.92124
3.05055
3.04435
3.04019
3.0735
3.08542
2.97309
2.6677
2.22191
1.75084
1.36535
1.20283
1.31228
1.65789
2.04504
2.33822
2.44558
2.45426
2.28401
1.98351
1.75452
1.51287
1.33219
1.11976
0.945037
0.829662
0.759148
0.733872
0.732388
0.728385
0.737938
0.75207
0.759463
0.76531
0.770872
0.772838
0.77676
0.783567
0.793078
0.799239
0.802729
0.803826
0.798118
0.789327
0.778264
0.763838
0.748232
0.723688
0.695564
0.66176
0.624845
0.585575
0.544991
0.501902
0.45774
0.410305
0.363952
0.314787
0.268026
0.220791
0.172227
0.125025
0.0749913
0.032396
-18.8756
-16.3187
-12.9789
-9.25166
-5.74116
-2.81386
-0.604481
0.933352
1.95563
2.58913
2.95527
3.15558
3.22921
3.26
3.2677
3.21425
3.02738
2.6656
2.18909
1.70868
1.34269
1.20426
1.32028
1.64498
2.00916
2.28625
2.38231
2.37049
2.20287
1.92746
1.69951
1.47281
1.29776
1.10057
0.932057
0.815787
0.742857
0.714487
0.710674
0.709544
0.719041
0.732826
0.741028
0.748669
0.755852
0.760848
0.767384
0.775952
0.786959
0.794819
0.799694
0.80218
0.798024
0.790746
0.780957
0.767143
0.751879
0.727691
0.699833
0.666143
0.629437
0.589968
0.549045
0.505797
0.461407
0.41414
0.367588
0.31831
0.271168
0.223607
0.174842
0.127225
0.0767182
0.0329216
-18.4547
-15.8078
-12.5312
-8.9752
-5.63925
-2.8449
-0.67974
0.883955
1.95572
2.65
3.07155
3.31473
3.42723
3.46416
3.4364
3.31605
3.05468
2.63616
2.13241
1.65193
1.31225
1.20102
1.3246
1.62638
1.96076
2.21764
2.30606
2.27963
2.11672
1.86447
1.64121
1.42735
1.25835
1.07679
0.916305
0.800387
0.725237
0.693509
0.687455
0.688641
0.698539
0.712408
0.721731
0.731395
0.740437
0.748316
0.75735
0.767628
0.779927
0.789357
0.795588
0.799498
0.796872
0.79102
0.782468
0.769222
0.754267
0.730439
0.702851
0.66935
0.632949
0.593468
0.552306
0.509004
0.464495
0.417453
0.370842
0.32151
0.274021
0.226157
0.177241
0.129228
0.0782887
0.0333161
-18.0918
-15.2159
-11.9221
-8.52022
-5.35269
-2.69936
-0.625272
0.913476
2.00874
2.75111
3.21738
3.48536
3.60343
3.61612
3.53851
3.35655
3.03933
2.58583
2.06924
1.5975
1.28244
1.19425
1.3232
1.60173
1.90497
2.13756
2.22026
2.18585
2.03043
1.79961
1.5828
1.37906
1.21468
1.04683
0.895635
0.781796
0.705564
0.670763
0.662692
0.665755
0.676493
0.691081
0.702
0.713773
0.72477
0.735291
0.74651
0.758417
0.771852
0.782752
0.790367
0.795717
0.794626
0.790133
0.782767
0.770148
0.755488
0.732042
0.704735
0.67148
0.635453
0.596128
0.554858
0.511584
0.467034
0.420251
0.373673
0.324356
0.276563
0.228422
0.179389
0.131051
0.0797058
0.0336108
-17.8294
-14.663
-11.2691
-7.95549
-4.93598
-2.41309
-0.437589
1.0287
2.09745
2.84337
3.32427
3.59845
3.70776
3.69125
3.56994
3.34144
2.98771
2.51884
2.00732
1.55701
1.26898
1.19672
1.32032
1.56827
1.83454
2.03839
2.11467
2.07884
1.9354
1.72658
1.52004
1.32658
1.16675
1.01123
0.870071
0.760128
0.684214
0.646841
0.63677
0.640947
0.652783
0.668387
0.681287
0.695229
0.708244
0.721152
0.734352
0.747784
0.762254
0.774547
0.783517
0.790312
0.790755
0.787544
0.781312
0.769363
0.755065
0.732061
0.705113
0.672217
0.636695
0.597752
0.556547
0.513414
0.46893
0.422462
0.376036
0.326828
0.278794
0.230419
0.181307
0.132665
0.0809787
0.0337832
-17.6582
-14.2248
-10.7382
-7.44575
-4.52997
-2.09547
-0.192916
1.21773
2.22334
2.92829
3.38753
3.64114
3.72971
3.69293
3.55566
3.31632
2.95865
2.49227
1.98596
1.54436
1.26724
1.19947
1.312
1.52717
1.75269
1.92161
1.98677
1.95358
1.82827
1.64563
1.45475
1.27287
1.1174
0.971197
0.839063
0.733866
0.659525
0.620506
0.608751
0.613663
0.62687
0.643998
0.659287
0.675474
0.690493
0.705532
0.720406
0.735234
0.7507
0.764357
0.774766
0.783065
0.785119
0.783225
0.778088
0.766978
0.753086
0.730656
0.704145
0.671741
0.636814
0.598424
0.557466
0.514589
0.470254
0.42413
0.377915
0.328905
0.280718
0.232153
0.182984
0.134106
0.0821114
0.0338671
-17.6428
-14.0291
-10.4773
-7.23176
-4.3845
-2.02156
-0.148255
1.27015
2.29254
2.99836
3.44448
3.67519
3.7339
3.67018
3.51803
3.28361
2.94967
2.51799
2.0374
1.5997
1.30367
1.20217
1.27395
1.44585
1.63178
1.77071
1.82603
1.79836
1.69548
1.54379
1.37695
1.21251
1.06541
0.92837
0.804621
0.704395
0.632037
0.591763
0.578347
0.583502
0.598232
0.617253
0.635245
0.65369
0.670653
0.68751
0.703904
0.720051
0.736529
0.751571
0.763468
0.773334
0.777089
0.776576
0.772523
0.762399
0.749026
0.727368
0.701429
0.669733
0.635537
0.597916
0.557419
0.514954
0.470892
0.425159
0.379237
0.330533
0.282297
0.233614
0.184421
0.135317
0.0830997
0.0338333
-18.1045
-14.3519
-10.7738
-7.54015
-4.72468
-2.37942
-0.475336
1.00825
2.11595
2.88873
3.385
3.65069
3.7347
3.67926
3.52298
3.27698
2.94178
2.52718
2.07341
1.65269
1.34742
1.20619
1.21645
1.32002
1.4487
1.55233
1.60183
1.59233
1.5265
1.4183
1.2868
1.14637
1.01101
0.882029
0.765249
0.669998
0.600678
0.560263
0.545396
0.54996
0.565728
0.58684
0.607984
0.629104
0.648187
0.666707
0.684391
0.701698
0.719194
0.735632
0.749197
0.76073
0.766405
0.767454
0.764614
0.755663
0.742998
0.722328
0.697169
0.666371
0.633028
0.596304
0.55647
0.514579
0.470904
0.425607
0.380011
0.331694
0.283531
0.234798
0.185613
0.136344
0.0839442
0.0337134
-19.2547
-15.3603
-11.7352
-8.41805
-5.53819
-3.11018
-1.14175
0.415802
1.59235
2.43961
3.00335
3.33727
3.488
3.5019
3.40883
3.2162
2.92599
2.54575
2.1073
1.67769
1.33915
1.14615
1.09433
1.13726
1.21418
1.28146
1.31746
1.32162
1.29715
1.24624
1.17034
1.07171
0.958831
0.839117
0.724835
0.629652
0.561133
0.521756
0.507875
0.513223
0.530068
0.552716
0.576436
0.600119
0.621573
0.641899
0.661014
0.679518
0.698087
0.715942
0.731297
0.744602
0.752406
0.755231
0.753776
0.746174
0.734455
0.715052
0.690911
0.661298
0.628964
0.593326
0.554364
0.513256
0.470128
0.425347
0.38014
0.332305
0.284328
0.235655
0.186525
0.137105
0.0846278
0.0334716
-20.658
-16.6675
-13.01
-9.69327
-6.78314
-4.32419
-2.29544
-0.665574
0.601922
1.54843
2.21811
2.65784
2.90971
3.01213
2.99321
2.86815
2.64803
2.34865
2.00155
1.65035
1.34484
1.11675
0.981014
0.928539
0.935257
0.967628
1.00062
1.02572
1.04141
1.04441
1.02694
0.980617
0.903559
0.802116
0.691739
0.591951
0.517006
0.473522
0.459303
0.467135
0.487662
0.513732
0.540479
0.566469
0.59001
0.612096
0.632807
0.65275
0.672602
0.691978
0.70927
0.724519
0.734713
0.739669
0.739922
0.733953
0.723461
0.705605
0.6828
0.654629
0.623504
0.589073
0.551165
0.511016
0.468601
0.424432
0.379658
0.332362
0.284696
0.236178
0.187162
0.137656
0.0851499
0.0331408
-21.8095
-17.9196
-14.3953
-11.2047
-8.37765
-5.95871
-3.92596
-2.25477
-0.908167
0.145669
0.942146
1.51664
1.90121
2.12694
2.21835
2.1969
2.08097
1.89592
1.66678
1.42444
1.19633
1.0099
0.880275
0.804698
0.764769
0.743774
0.739957
0.759346
0.800476
0.850589
0.889193
0.89482
0.854805
0.771708
0.663083
0.554581
0.468393
0.416822
0.400048
0.409995
0.435243
0.466376
0.497455
0.526477
0.552393
0.576304
0.598749
0.620407
0.641885
0.663048
0.682483
0.699889
0.712695
0.720114
0.722434
0.718403
0.70948
0.693464
0.672346
0.645925
0.61629
0.583236
0.546597
0.507584
0.4661
0.422686
0.37844
0.331768
0.284517
0.236282
0.187454
0.137891
0.0854809
0.0326819
-21.2384
-17.9733
-15
-12.2755
-9.80107
-7.62508
-5.73544
-4.12812
-2.77454
-1.66075
-0.7623
-0.0604129
0.467921
0.844627
1.09131
1.22745
1.27246
1.2449
1.16306
1.04488
0.910231
0.781836
0.680339
0.618262
0.595944
0.604539
0.631484
0.665518
0.705002
0.752569
0.802027
0.832712
0.820988
0.755815
0.647231
0.521848
0.411113
0.338599
0.312795
0.326825
0.364355
0.408546
0.448617
0.481709
0.509029
0.533661
0.557374
0.580963
0.604646
0.628145
0.650157
0.670102
0.685819
0.696125
0.700982
0.699355
0.69241
0.678614
0.659564
0.635236
0.607366
0.575891
0.540696
0.502995
0.462636
0.420136
0.376524
0.330539
0.283807
0.235959
0.187403
0.137871
0.0856233
0.0321281
-19.016
-16.6834
-14.5142
-12.4728
-10.549
-8.78599
-7.1859
-5.76359
-4.50679
-3.41849
-2.4866
-1.70684
-1.06579
-0.553219
-0.155247
0.140248
0.346265
0.474021
0.534978
0.541015
0.507442
0.454476
0.405211
0.381062
0.394263
0.444906
0.521437
0.610031
0.699717
0.779326
0.836001
0.856175
0.830223
0.755127
0.637736
0.497624
0.363114
0.261951
0.211557
0.213864
0.256475
0.318804
0.380628
0.429905
0.464641
0.490126
0.51265
0.536035
0.561183
0.587299
0.612501
0.635601
0.654598
0.668144
0.67588
0.677043
0.672422
0.66118
0.644467
0.622545
0.596672
0.566992
0.533396
0.49715
0.458079
0.416655
0.373817
0.328612
0.282481
0.235114
0.186925
0.13747
0.0855335
0.0314266
-16.8308
-15.2316
-13.6973
-12.2119
-10.7636
-9.38571
-8.08335
-6.87756
-5.76532
-4.75893
-3.85475
-3.05879
-2.36601
-1.77578
-1.28164
-0.879635
-0.56275
-0.324716
-0.156743
-0.0485937
0.0138185
0.0482946
0.0751464
0.114358
0.179748
0.275219
0.394782
0.526288
0.655334
0.767935
0.849707
0.886457
0.865343
0.781573
0.64464
0.478629
0.315855
0.187368
0.113849
0.100607
0.138157
0.207408
0.286518
0.357446
0.410376
0.445506
0.46981
0.491437
0.51538
0.542498
0.570664
0.597473
0.620368
0.637613
0.648629
0.652853
0.650879
0.642364
0.628213
0.608814
0.585093
0.557301
0.525379
0.490612
0.452878
0.412608
0.370626
0.326232
0.280729
0.233886
0.186107
0.136814
0.0852512
0.0306378
-14.9409
-13.8336
-12.7417
-11.657
-10.5696
-9.50427
-8.46444
-7.46997
-6.52072
-5.63197
-4.80422
-4.04831
-3.36461
-2.75884
-2.22988
-1.77833
-1.40084
-1.09323
-0.8487
-0.657821
-0.509328
-0.38828
-0.280358
-0.169696
-0.0472973
0.092461
0.244563
0.401041
0.548791
0.675496
0.769297
0.817963
0.81161
0.744426
0.620052
0.455232
0.279163
0.126213
0.025176
-0.00946448
0.0188781
0.091775
0.184066
0.272956
0.34391
0.39287
0.424408
0.447301
0.469637
0.495647
0.525061
0.555156
0.582409
0.604059
0.618984
0.626677
0.627698
0.622084
0.610674
0.593902
0.572475
0.546665
0.516518
0.483252
0.446898
0.407851
0.36682
0.323308
0.278473
0.232193
0.184883
0.135803
0.0847432
0.0297245
-13.3032
-12.5225
-11.737
-10.9392
-10.1186
-9.29688
-8.47341
-7.66789
-6.87688
-6.11949
-5.39318
-4.71522
-4.08245
-3.50776
-2.98654
-2.52664
-2.1214
-1.77347
-1.47346
-1.21941
-0.999234
-0.807562
-0.631061
-0.46397
-0.296551
-0.128335
0.0409738
0.204243
0.353713
0.480475
0.574769
0.629402
0.636842
0.592764
0.498328
0.364444
0.212073
0.0693467
-0.0359573
-0.0849886
-0.0734604
-0.0111859
0.0823708
0.183792
0.272509
0.337045
0.377444
0.40257
0.423419
0.447427
0.476528
0.508702
0.539986
0.566551
0.586206
0.598098
0.602633
0.600249
0.591796
0.577811
0.558824
0.535145
0.50688
0.47519
0.440257
0.402476
0.362473
0.3199
0.275787
0.230108
0.183301
0.134513
0.0840364
0.0287217
-11.7785
-11.2224
-10.6616
-10.0722
-9.46019
-8.82829
-8.19176
-7.55032
-6.91627
-6.29002
-5.68431
-5.10024
-4.54786
-4.02754
-3.54588
-3.10198
-2.69886
-2.33378
-2.00627
-1.71173
-1.44724
-1.20709
-0.987053
-0.781732
-0.587984
-0.403527
-0.229112
-0.0673783
0.0771574
0.198195
0.290854
0.349407
0.370306
0.350741
0.292
0.200033
0.0891287
-0.0197624
-0.103358
-0.143058
-0.131
-0.0727058
0.0153091
0.113158
0.204656
0.27884
0.330263
0.361028
0.380544
0.40013
0.426243
0.458668
0.493091
0.524483
0.549421
0.566253
0.575005
0.576277
0.571067
0.560014
0.543639
0.522227
0.496005
0.465993
0.43258
0.396142
0.357275
0.31575
0.272467
0.227463
0.181248
0.132828
0.0830802
0.0275897
-10.3792
-9.98004
-9.57548
-9.14276
-8.68648
-8.20984
-7.72403
-7.22824
-6.73129
-6.23306
-5.74279
-5.26087
-4.7952
-4.34583
-3.91862
-3.51318
-3.13322
-2.77751
-2.44746
-2.14104
-1.85794
-1.59572
-1.35289
-1.12752
-0.917911
-0.723808
-0.544714
-0.382666
-0.239591
-0.118709
-0.0236608
0.0431046
0.0792002
0.0844092
0.0589406
0.00751215
-0.0606036
-0.130477
-0.18405
-0.204692
-0.182751
-0.119403
-0.0266992
0.0762693
0.169603
0.240895
0.289351
0.32053
0.340834
0.357622
0.378583
0.407657
0.442734
0.478074
0.508446
0.530811
0.544499
0.550009
0.548443
0.540566
0.526989
0.508017
0.483989
0.4558
0.424006
0.388994
0.351356
0.310963
0.268604
0.224361
0.178798
0.130843
0.0819377
0.0263775
-9.10342
-8.81636
-8.52623
-8.21215
-7.87717
-7.52447
-7.16226
-6.78877
-6.41026
-6.02503
-5.64045
-5.25486
-4.87534
-4.49996
-4.13531
-3.77927
-3.43779
-3.10832
-2.79579
-2.49707
-2.2162
-1.9497
-1.70088
-1.46654
-1.24939
-1.04736
-0.862776
-0.695377
-0.547301
-0.420205
-0.315889
-0.236158
-0.181492
-0.152691
-0.14834
-0.165409
-0.197116
-0.23291
-0.259099
-0.261716
-0.230689
-0.163776
-0.0683656
0.0402833
0.143752
0.225878
0.277359
0.300815
0.309909
0.31869
0.334388
0.359145
0.391963
0.428676
0.463433
0.491448
0.510605
0.52093
0.523428
0.519044
0.508469
0.492135
0.470448
0.444245
0.41419
0.380721
0.344432
0.305289
0.263988
0.220618
0.175843
0.128471
0.0805639
0.0250578
-7.9676
-7.76401
-7.55901
-7.33671
-7.09513
-6.84156
-6.57677
-6.30353
-6.02027
-5.7306
-5.43351
-5.13317
-4.82866
-4.524
-4.21847
-3.91627
-3.617
-3.32439
-3.03807
-2.76115
-2.49316
-2.2366
-1.99119
-1.75883
-1.53963
-1.33508
-1.14586
-0.97317
-0.818188
-0.682215
-0.566513
-0.472006
-0.399474
-0.348683
-0.318771
-0.306962
-0.30854
-0.315937
-0.319085
-0.307021
-0.270065
-0.203696
-0.110869
-0.00234886
0.105992
0.198367
0.263823
0.298398
0.30592
0.300114
0.299286
0.313709
0.342229
0.378519
0.415861
0.448661
0.473392
0.489003
0.496032
0.495495
0.488201
0.474738
0.45558
0.43154
0.403356
0.371543
0.336708
0.298912
0.258772
0.216387
0.172487
0.125805
0.0790417
0.0236764
-6.98759
-6.84583
-6.70535
-6.55061
-6.38028
-6.19992
-6.00989
-5.81133
-5.60247
-5.3855
-5.15928
-4.92644
-4.68585
-4.44051
-4.18968
-3.93673
-3.68131
-3.42691
-3.17334
-2.92373
-2.67811
-2.43917
-2.20722
-1.98447
-1.77176
-1.57073
-1.38264
-1.20858
-1.05004
-0.90784
-0.783298
-0.677119
-0.589779
-0.521155
-0.47003
-0.434393
-0.410642
-0.393377
-0.375794
-0.349189
-0.305817
-0.240655
-0.153611
-0.050721
0.056569
0.154151
0.229901
0.277848
0.299077
0.299541
0.289703
0.285199
0.298283
0.328449
0.366455
0.40316
0.433128
0.454163
0.4661
0.469718
0.465957
0.455561
0.439125
0.417419
0.391251
0.361214
0.327951
0.291615
0.252763
0.211494
0.168614
0.122768
0.0773048
0.0222067
-6.15086
-6.05422
-5.9604
-5.85428
-5.73526
-5.60771
-5.47193
-5.3279
-5.17411
-5.0118
-4.8398
-4.65997
-4.47096
-4.27528
-4.07168
-3.86343
-3.64948
-3.43353
-3.21456
-2.99644
-2.77814
-2.56349
-2.35167
-2.1463
-1.94696
-1.75682
-1.57597
-1.40675
-1.24976
-1.10656
-0.977954
-0.864834
-0.767583
-0.685818
-0.618705
-0.564373
-0.519953
-0.481961
-0.444846
-0.402842
-0.350172
-0.282633
-0.199161
-0.102925
-0.00122545
0.0958548
0.177759
0.236654
0.270485
0.283503
0.283135
0.277132
0.275371
0.288347
0.317779
0.354965
0.389749
0.416536
0.433834
0.442028
0.442094
0.434966
0.421409
0.402201
0.378188
0.350035
0.318441
0.283647
0.24618
0.206125
0.164358
0.119445
0.0754512
0.0206732
-5.4351
-5.36932
-5.30702
-5.23374
-5.14995
-5.05884
-4.96147
-4.85636
-4.7434
-4.62172
-4.4921
-4.35356
-4.20725
-4.05227
-3.89038
-3.72096
-3.54632
-3.3661
-3.18282
-2.99628
-2.80904
-2.62114
-2.43498
-2.25095
-2.07125
-1.89669
-1.72907
-1.56947
-1.41929
-1.27968
-1.15172
-1.03624
-0.933578
-0.843656
-0.765602
-0.69772
-0.638075
-0.583155
-0.529391
-0.472696
-0.409255
-0.336076
-0.252247
-0.159601
-0.0630145
0.0304195
0.113089
0.178613
0.223444
0.248373
0.258675
0.261593
0.262878
0.267436
0.281837
0.30913
0.343435
0.375261
0.398671
0.412208
0.416588
0.412986
0.402421
0.385803
0.364032
0.337851
0.308009
0.274841
0.238859
0.200132
0.159609
0.115764
0.0733966
0.0190403
-4.81002
-4.76548
-4.72447
-4.67404
-4.61483
-4.55004
-4.48027
-4.40422
-4.32155
-4.23155
-4.13454
-4.02963
-3.91743
-3.79709
-3.66982
-3.53501
-3.39438
-3.24756
-3.09659
-2.94134
-2.78389
-2.62428
-2.46449
-2.30482
-2.14708
-1.9919
-1.8408
-1.69477
-1.55503
-1.42282
-1.29913
-1.185
-1.08084
-0.986807
-0.902019
-0.825465
-0.754767
-0.68753
-0.6209
-0.552228
-0.478936
-0.399445
-0.313184
-0.221482
-0.127717
-0.0371608
0.044435
0.112136
0.163361
0.198121
0.21897
0.230784
0.239294
0.248385
0.259741
0.276264
0.301103
0.331484
0.35961
0.379436
0.389252
0.389865
0.382608
0.368695
0.349206
0.325022
0.296967
0.265465
0.231033
0.193711
0.154512
0.111811
0.0712343
0.0173135
-4.25818
-4.22871
-4.20276
-4.16882
-4.12759
-4.08222
-4.03313
-3.97923
-3.91992
-3.85469
-3.78351
-3.70561
-3.62114
-3.5293
-3.43087
-3.32516
-3.21359
-3.09569
-2.97336
-2.84622
-2.71638
-2.58346
-2.44949
-2.31411
-2.17923
-2.0446
-1.91199
-1.78151
-1.65481
-1.53242
-1.41589
-1.30584
-1.20328
-1.10812
-1.02023
-0.93824
-0.860519
-0.784926
-0.709478
-0.632071
-0.551441
-0.466621
-0.377816
-0.286074
-0.194136
-0.105427
-0.0245412
0.0444456
0.0991157
0.139583
0.168151
0.188332
0.20401
0.218819
0.234732
0.251649
0.270148
0.292699
0.318754
0.342662
0.358711
0.364841
0.361721
0.350872
0.333755
0.311554
0.285249
0.255407
0.222557
0.186723
0.148945
0.107502
0.0688624
0.0154401
-3.77375
-3.75507
-3.74004
-3.71804
-3.69016
-3.65924
-3.62571
-3.58856
-3.54714
-3.50123
-3.4503
-3.39406
-3.33173
-3.26335
-3.18828
-3.10707
-3.01941
-2.92638
-2.82797
-2.72563
-2.61947
-2.51088
-2.39983
-2.28752
-2.17385
-2.05977
-1.94532
-1.83143
-1.71854
-1.60777
-1.5
-1.39634
-1.29755
-1.20404
-1.11565
-1.03145
-0.950021
-0.86981
-0.788929
-0.706269
-0.620777
-0.532538
-0.441802
-0.350348
-0.259697
-0.172746
-0.0925853
-0.0224345
0.0353034
0.0799204
0.113211
0.138736
0.160311
0.180632
0.201222
0.222436
0.243273
0.263031
0.283307
0.304938
0.324381
0.336555
0.339016
0.332262
0.317988
0.297878
0.273282
0.245016
0.213702
0.179355
0.143041
0.102897
0.0663366
0.0134082
-3.34858
-3.33801
-3.33104
-3.31806
-3.30035
-3.28051
-3.259
-3.2348
-3.2074
-3.17646
-3.14151
-3.10208
-3.05741
-3.00729
-2.95113
-2.88919
-2.82122
-2.74807
-2.66986
-2.58781
-2.50212
-2.41395
-2.3233
-2.23101
-2.13684
-2.04137
-1.94437
-1.84643
-1.74771
-1.64914
-1.55143
-1.4557
-1.36271
-1.27308
-1.18679
-1.10316
-1.02128
-0.939457
-0.856619
-0.771493
-0.68402
-0.594027
-0.503054
-0.411891
-0.322628
-0.237245
-0.15809
-0.08741
-0.0272904
0.021261
0.058819
0.0880722
0.112929
0.136876
0.161499
0.186768
0.211753
0.234863
0.254838
0.27264
0.289873
0.304718
0.312858
0.311647
0.301396
0.283928
0.261158
0.234394
0.204502
0.171577
0.136705
0.0978899
0.0635134
0.0111153
-2.97487
-2.97035
-2.96941
-2.96334
-2.95355
-2.94238
-2.93031
-2.91626
-2.89981
-2.88047
-2.85786
-2.8313
-2.80009
-2.76385
-2.72207
-2.67488
-2.62213
-2.56459
-2.50245
-2.43689
-2.36809
-2.29715
-2.2239
-2.14909
-2.07214
-1.99353
-1.91254
-1.82977
-1.74482
-1.65876
-1.57175
-1.48524
-1.39953
-1.31577
-1.23363
-1.15321
-1.07324
-0.992827
-0.910565
-0.826088
-0.738722
-0.649675
-0.559329
-0.469464
-0.381608
-0.297724
-0.2196
-0.149118
-0.0876659
-0.0361536
0.00555384
0.0388234
0.0665335
0.0921483
0.118597
0.146727
0.175363
0.202557
0.226406
0.245575
0.260646
0.273494
0.283616
0.287615
0.282825
0.269365
0.249104
0.223978
0.195399
0.163728
0.130161
0.0925598
0.0603661
0.00847809
-2.64511
-2.64536
-2.64885
-2.64831
-2.64451
-2.64018
-2.63522
-2.62899
-2.62067
-2.61003
-2.59646
-2.57933
-2.55803
-2.53197
-2.50098
-2.4648
-2.42386
-2.37835
-2.32919
-2.27679
-2.22212
-2.16536
-2.1071
-2.04705
-1.98538
-1.92142
-1.85521
-1.78616
-1.7146
-1.64049
-1.56471
-1.48774
-1.41065
-1.33384
-1.25776
-1.18214
-1.10629
-1.02916
-0.950139
-0.868125
-0.783792
-0.697
-0.609111
-0.521323
-0.435463
-0.353189
-0.276375
-0.206462
-0.144576
-0.0912459
-0.0464172
-0.00914879
0.022039
0.0496823
0.0767108
0.10542
0.135967
0.166466
0.194396
0.217736
0.235261
0.247285
0.255693
0.260996
0.260827
0.252682
0.23643
0.21374
0.186618
0.156032
0.123505
0.0868851
0.0566655
0.00533225
-2.3538
-2.35746
-2.36423
-2.3676
-2.36834
-2.36894
-2.36923
-2.36852
-2.36598
-2.36131
-2.35395
-2.3433
-2.32882
-2.31002
-2.2868
-2.25901
-2.22711
-2.19138
-2.15267
-2.11141
-2.06843
-2.0239
-1.97824
-1.93112
-1.8825
-1.83162
-1.77834
-1.72191
-1.66253
-1.59996
-1.53495
-1.4678
-1.39956
-1.33055
-1.26138
-1.19176
-1.12118
-1.04918
-0.97454
-0.897423
-0.817215
-0.734592
-0.65028
-0.565791
-0.482624
-0.402697
-0.327604
-0.258705
-0.196929
-0.142731
-0.0958072
-0.0556227
-0.0210178
0.00946409
0.037953
0.0665337
0.0967444
0.128371
0.159288
0.186721
0.208584
0.223771
0.232458
0.236423
0.23697
0.232794
0.221652
0.203009
0.178284
0.148944
0.117149
0.0810833
0.0521611
0.00171646
-2.09658
-2.10308
-2.11242
-2.11862
-2.12238
-2.126
-2.12926
-2.13154
-2.13208
-2.13069
-2.12692
-2.12033
-2.11048
-2.097
-2.07983
-2.05893
-2.03465
-2.0073
-1.97758
-1.94593
-1.91297
-1.87889
-1.84393
-1.80774
-1.77016
-1.73043
-1.68827
-1.6429
-1.59436
-1.54231
-1.48735
-1.42966
-1.37017
-1.30913
-1.24719
-1.18408
-1.11975
-1.05342
-0.984712
-0.913088
-0.838351
-0.760831
-0.681367
-0.601126
-0.52179
-0.445006
-0.372317
-0.304995
-0.24397
-0.189465
-0.141464
-0.09935
-0.062284
-0.028926
0.00179958
0.0312752
0.0608319
0.0915078
0.122941
0.15304
0.178974
0.198605
0.210921
0.216081
0.215762
0.211813
0.20389
0.190013
0.169287
0.142256
0.111303
0.0753674
0.0462834
-0.00227459
-1.86673
-1.87519
-1.88615
-1.89409
-1.89967
-1.90498
-1.90989
-1.9138
-1.91613
-1.91677
-1.9154
-1.91169
-1.90531
-1.89599
-1.88369
-1.8684
-1.85044
-1.83012
-1.80796
-1.78438
-1.75981
-1.73439
-1.70822
-1.68095
-1.65235
-1.62169
-1.58866
-1.55247
-1.51315
-1.47023
-1.42428
-1.37525
-1.3241
-1.27082
-1.21623
-1.15989
-1.10217
-1.0421
-0.979786
-0.91427
-0.845792
-0.774324
-0.700655
-0.625836
-0.551329
-0.47863
-0.409164
-0.344272
-0.284587
-0.230572
-0.182185
-0.13906
-0.100224
-0.0649016
-0.0320874
-0.00114965
0.0288085
0.058537
0.0886607
0.118781
0.147013
0.170629
0.187444
0.196547
0.198193
0.193934
0.185875
0.174392
0.157881
0.134665
0.105556
0.0699689
0.0379916
-0.00567747
-1.65966
-1.66837
-1.67958
-1.68779
-1.69415
-1.70023
-1.70629
-1.71152
-1.71557
-1.71819
-1.71917
-1.71819
-1.71491
-1.70919
-1.70089
-1.69017
-1.6772
-1.66239
-1.64611
-1.62879
-1.61071
-1.59204
-1.57271
-1.55252
-1.53099
-1.50771
-1.48197
-1.4535
-1.42172
-1.38675
-1.34841
-1.30728
-1.26346
-1.21767
-1.16988
-1.12052
-1.06915
-1.01581
-0.959829
-0.901127
-0.839295
-0.77466
-0.707614
-0.639117
-0.570392
-0.502672
-0.437451
-0.375662
-0.31813
-0.265297
-0.217277
-0.173624
-0.133924
-0.0973431
-0.0633544
-0.0311219
-0.000342327
0.0294484
0.0585237
0.087176
0.115044
0.140553
0.161163
0.174777
0.180577
0.178873
0.171059
0.159189
0.144148
0.124405
0.098169
0.0642991
0.024679
-0.00424922
-1.46682
-1.47543
-1.4863
-1.49452
-1.50115
-1.50774
-1.5145
-1.52072
-1.52604
-1.53025
-1.53309
-1.53432
-1.53358
-1.53077
-1.52575
-1.51867
-1.5097
-1.4992
-1.48752
-1.47503
-1.46201
-1.44856
-1.43464
-1.41999
-1.40419
-1.38681
-1.36721
-1.34505
-1.3198
-1.29151
-1.26
-1.22571
-1.18872
-1.14965
-1.10849
-1.06565
-1.02078
-0.973957
-0.924622
-0.872762
-0.818003
-0.760624
-0.700852
-0.639474
-0.57735
-0.515648
-0.455433
-0.397652
-0.343103
-0.29231
-0.2453
-0.202076
-0.162172
-0.125302
-0.0906814
-0.0579804
-0.0265938
0.00349578
0.032369
0.0599151
0.0863266
0.111146
0.133141
0.150229
0.160462
0.162997
0.158115
0.146992
0.1314
0.112358
0.0877456
0.0573732
0.00315379
0.0113822
-1.29413
-1.30326
-1.31447
-1.32325
-1.33052
-1.33767
-1.34486
-1.35149
-1.35723
-1.36192
-1.36539
-1.36745
-1.36786
-1.36654
-1.36345
-1.35873
-1.35256
-1.34525
-1.33711
-1.3284
-1.31936
-1.31
-1.30027
-1.28992
-1.27855
-1.26575
-1.25096
-1.23384
-1.2139
-1.19114
-1.16536
-1.13694
-1.10591
-1.0728
-1.03762
-1.00074
-0.961905
-0.92123
-0.878254
-0.833006
-0.785151
-0.734935
-0.682473
-0.628364
-0.573243
-0.517967
-0.463402
-0.41035
-0.359619
-0.311545
-0.26652
-0.224437
-0.185287
-0.148557
-0.114085
-0.0812504
-0.0499171
-0.019749
0.00892969
0.0362251
0.0616186
0.0849838
0.106042
0.124038
0.137328
0.144127
0.143471
0.135524
0.121062
0.101803
0.0759751
0.049713
-0.0254243
0.0489014
-1.12651
-1.1367
-1.14867
-1.15834
-1.16633
-1.17384
-1.1809
-1.18704
-1.192
-1.19585
-1.19855
-1.20018
-1.20062
-1.19997
-1.19823
-1.19554
-1.19202
-1.18785
-1.18319
-1.17818
-1.17292
-1.16736
-1.16142
-1.15483
-1.14727
-1.13835
-1.1276
-1.1147
-1.09925
-1.08122
-1.06041
-1.03714
-1.01143
-0.983735
-0.954057
-0.92278
-0.88967
-0.854921
-0.818088
-0.77932
-0.738202
-0.69507
-0.649798
-0.603028
-0.554997
-0.506568
-0.458189
-0.410727
-0.364582
-0.320342
-0.27821
-0.23843
-0.200752
-0.165217
-0.131405
-0.0992792
-0.0684081
-0.039019
-0.0106716
0.0160554
0.0408223
0.0630585
0.0826844
0.0995371
0.113215
0.122506
0.125799
0.122048
0.110845
0.0936755
0.0665972
0.0451835
-0.049706
0.0998991
-0.987423
-0.997442
-1.00909
-1.0187
-1.02666
-1.03394
-1.04058
-1.04609
-1.0504
-1.05349
-1.05562
-1.05677
-1.05714
-1.05673
-1.05572
-1.05417
-1.05221
-1.04996
-1.04748
-1.04485
-1.04205
-1.03904
-1.03565
-1.03167
-1.02679
-1.02067
-1.01295
-1.00326
-0.99139
-0.977073
-0.960389
-0.941294
-0.920095
-0.896866
-0.87195
-0.845339
-0.817254
-0.787499
-0.756146
-0.722907
-0.687875
-0.650878
-0.612188
-0.571909
-0.530525
-0.488394
-0.446104
-0.404093
-0.362841
-0.322719
-0.284106
-0.246978
-0.211545
-0.177586
-0.145183
-0.113998
-0.0843067
-0.0555769
-0.0282275
-0.00232758
0.021516
0.0430445
0.0616735
0.0773192
0.0899106
0.0993266
0.104725
0.104814
0.097901
0.0851474
0.0599979
0.0460022
-0.0531766
0.135632
-0.83123
-0.840196
-0.850458
-0.858922
-0.866056
-0.872679
-0.878837
-0.884039
-0.888208
-0.891279
-0.893461
-0.894726
-0.895268
-0.895122
-0.894492
-0.893484
-0.892263
-0.890955
-0.889634
-0.888396
-0.887189
-0.886004
-0.884648
-0.88296
-0.880623
-0.877339
-0.87275
-0.866515
-0.858399
-0.84817
-0.835816
-0.821299
-0.80483
-0.786482
-0.76655
-0.745068
-0.722236
-0.697931
-0.672253
-0.644973
-0.616182
-0.585708
-0.553761
-0.52036
-0.485871
-0.450515
-0.414739
-0.378843
-0.343206
-0.308215
-0.273986
-0.240802
-0.208637
-0.177649
-0.147607
-0.118839
-0.0908552
-0.0640811
-0.0384662
-0.0145102
0.00779444
0.0278323
0.0453565
0.0598232
0.0711381
0.079388
0.0846166
0.0864546
0.0832006
0.0756541
0.0559662
0.0500326
-0.0278068
0.127664
-0.73772
-0.745621
-0.754509
-0.761591
-0.76742
-0.772804
-0.777895
-0.78229
-0.785919
-0.78865
-0.79061
-0.791705
-0.792039
-0.791618
-0.790621
-0.789193
-0.787519
-0.785804
-0.784154
-0.782729
-0.781497
-0.780499
-0.779543
-0.7785
-0.77706
-0.774952
-0.771833
-0.767385
-0.761361
-0.753519
-0.743839
-0.732237
-0.718895
-0.703854
-0.687372
-0.669478
-0.650384
-0.630016
-0.608477
-0.585605
-0.56148
-0.535952
-0.509177
-0.481123
-0.452063
-0.422115
-0.391616
-0.360772
-0.329911
-0.299234
-0.268951
-0.239218
-0.210223
-0.181841
-0.154451
-0.127605
-0.101747
-0.0767426
-0.053112
-0.0307001
-0.0100754
0.0087584
0.0252153
0.0390548
0.049861
0.0576968
0.0626281
0.0650372
0.0642257
0.0613036
0.0499398
0.0492274
0.01246
0.0717039
-0.545881
-0.552511
-0.559553
-0.56492
-0.569245
-0.573279
-0.577223
-0.580827
-0.584083
-0.586905
-0.589336
-0.591239
-0.59261
-0.593393
-0.59366
-0.593503
-0.593054
-0.592492
-0.591924
-0.591525
-0.591297
-0.591316
-0.591447
-0.591631
-0.591617
-0.59122
-0.590144
-0.588154
-0.585012
-0.580546
-0.574646
-0.567272
-0.558462
-0.54829
-0.536871
-0.524297
-0.510658
-0.495975
-0.480284
-0.463532
-0.445733
-0.426813
-0.406841
-0.385793
-0.363839
-0.341031
-0.317628
-0.293724
-0.269599
-0.245352
-0.221172
-0.197278
-0.173602
-0.150538
-0.127757
-0.105659
-0.0840504
-0.0634718
-0.0436239
-0.0251465
-0.00783476
0.0077121
0.0214541
0.0328832
0.0420052
0.0484952
0.0524224
0.0540768
0.0535894
0.0522658
0.0479471
0.0471964
0.0507132
0.0026352
-0.523705
-0.528431
-0.533333
-0.536668
-0.539126
-0.541496
-0.543987
-0.546547
-0.549194
-0.551998
-0.554951
-0.557991
-0.560966
-0.563767
-0.566247
-0.568346
-0.569976
-0.571149
-0.571838
-0.572108
-0.571957
-0.571466
-0.570614
-0.569441
-0.567867
-0.565864
-0.563291
-0.560068
-0.556033
-0.551109
-0.545176
-0.538224
-0.530203
-0.521173
-0.511125
-0.500142
-0.488217
-0.475407
-0.461688
-0.447071
-0.431543
-0.415092
-0.397762
-0.37955
-0.360582
-0.340881
-0.320642
-0.299908
-0.2789
-0.257671
-0.236412
-0.215188
-0.194167
-0.173371
-0.152927
-0.132761
-0.113327
-0.0942782
-0.0762945
-0.058942
-0.0428884
-0.0280409
-0.014902
-0.00333452
0.0062402
0.0138411
0.0193053
0.022836
0.0247194
0.0256231
0.0274386
0.0251906
0.0539468
-0.0517892
-0.18731
-0.18884
-0.190808
-0.191841
-0.192265
-0.192668
-0.19322
-0.194116
-0.195382
-0.197359
-0.199979
-0.203453
-0.207474
-0.212108
-0.216908
-0.22186
-0.226502
-0.230838
-0.234499
-0.23758
-0.239852
-0.241516
-0.242451
-0.242907
-0.24281
-0.242389
-0.241545
-0.240442
-0.238941
-0.237138
-0.234888
-0.232255
-0.229112
-0.225519
-0.221364
-0.216706
-0.211451
-0.205643
-0.199213
-0.192169
-0.184507
-0.176183
-0.167304
-0.157767
-0.147796
-0.137222
-0.126392
-0.115067
-0.103694
-0.0919661
-0.080395
-0.0686231
-0.0571754
-0.0457129
-0.034492
-0.0236179
-0.0129854
-0.00305377
0.00659099
0.0154009
0.0235542
0.0306898
0.0369069
0.0418856
0.0456598
0.0481227
0.049346
0.0493505
0.0484876
0.0465974
0.0471717
0.0401451
0.0681589
-0.0416052
-0.434089
-0.438961
-0.442688
-0.445264
-0.447697
-0.450061
-0.452422
-0.454555
-0.456802
-0.459088
-0.461758
-0.464594
-0.467832
-0.471141
-0.474664
-0.477992
-0.481199
-0.483884
-0.486121
-0.487595
-0.488431
-0.488446
-0.48782
-0.486465
-0.484562
-0.482097
-0.479198
-0.475867
-0.472131
-0.468048
-0.463544
-0.458723
-0.453409
-0.447793
-0.441616
-0.435136
-0.428022
-0.420596
-0.41249
-0.40407
-0.394948
-0.385526
-0.375418
-0.365045
-0.354039
-0.34281
-0.331015
-0.319055
-0.306623
-0.294079
-0.281151
-0.268176
-0.254935
-0.241694
-0.228288
-0.214917
-0.201588
-0.188263
-0.175207
-0.162355
-0.149888
-0.13783
-0.126335
-0.11548
-0.105364
-0.0959726
-0.0872335
-0.0792171
-0.0718116
-0.0662984
-0.0595119
-0.0613154
-0.0303769
-0.0742246
0.676454
0.868476
1.0387
1.18095
1.29621
1.3892
1.46527
1.52905
1.58404
1.6327
1.6767
1.71718
1.75477
1.79001
1.82302
1.85405
1.88303
1.9101
1.93516
1.95835
1.97966
1.99918
2.0168
2.03237
2.04601
2.05772
2.06776
2.0761
2.08311
2.08872
2.09338
2.09697
2.09995
2.10216
2.10407
2.10546
2.10676
2.10776
2.10888
2.10984
2.1111
0.691011
0.87157
1.03255
1.17189
1.29135
1.39271
1.47766
1.548
1.6051
1.65033
1.68472
1.70946
1.72539
1.73362
1.73494
1.73041
1.72084
1.70723
1.69032
1.67095
1.64975
1.62737
1.60437
1.58133
1.55866
1.53676
1.51584
1.49615
1.47772
1.46074
1.44511
1.43095
1.41808
1.4066
1.39629
1.38722
1.37915
1.37216
1.36598
1.36069
1.35605
0.684785
0.867082
1.0288
1.16709
1.28406
1.38085
1.45935
1.52172
1.57025
1.60717
1.63459
1.65446
1.66854
1.67832
1.68514
1.69002
1.69381
1.69705
1.70015
1.70326
1.70651
1.70981
1.71328
1.71665
1.71984
1.72261
1.72496
1.72672
1.728
1.72872
1.72902
1.72891
1.72855
1.72797
1.72728
1.72655
1.72581
1.72511
1.72443
1.72385
1.7232
0.681021
0.867146
1.03196
1.1713
1.28833
1.38514
1.46459
1.5297
1.58314
1.62719
1.66372
1.69419
1.71974
1.74113
1.75897
1.77361
1.78534
1.79431
1.8007
1.80459
1.80615
1.80544
1.8029
1.79861
1.79289
1.78588
1.77799
1.76938
1.76043
1.75131
1.74234
1.73363
1.72542
1.71774
1.71072
1.70432
1.69858
1.6934
1.68875
1.68456
1.68072
0.684044
0.873158
1.04102
1.18293
1.30342
1.40482
1.49017
1.56214
1.62293
1.67425
1.71746
1.75364
1.78369
1.80834
1.8283
1.84415
1.85649
1.86575
1.87237
1.87661
1.87877
1.87896
1.87769
1.87506
1.87131
1.86653
1.86108
1.85508
1.84888
1.84261
1.83656
1.83082
1.82554
1.82076
1.81649
1.81271
1.80932
1.80628
1.80345
1.80084
1.79823
0.689111
0.882887
1.05481
1.20038
1.32541
1.43191
1.52268
1.6001
1.66605
1.72214
1.76973
1.81002
1.84408
1.87282
1.89702
1.91731
1.93413
1.94783
1.95857
1.96646
1.97155
1.97387
1.97389
1.97179
1.96788
1.96244
1.95597
1.94883
1.94146
1.93415
1.92721
1.92075
1.91487
1.90955
1.90468
1.90018
1.89588
1.89169
1.88746
1.88325
1.87891
0.695321
0.895584
1.07316
1.22348
1.35347
1.46509
1.5611
1.6439
1.71538
1.77717
1.83066
1.87702
1.91721
1.95199
1.98193
2.00744
2.02877
2.04606
2.05941
2.06887
2.07455
2.07658
2.0757
2.07238
2.06712
2.06053
2.0532
2.04571
2.03846
2.03176
2.02573
2.02038
2.01559
2.01115
2.00685
2.00245
1.99783
1.99287
1.98762
1.98216
1.97663
0.703368
0.912035
1.09664
1.25272
1.3887
1.5062
1.60838
1.69761
1.77574
1.84428
1.90446
1.95728
2.00353
2.04379
2.07849
2.10791
2.13226
2.15162
2.16612
2.17588
2.18117
2.1823
2.18035
2.17609
2.17022
2.16353
2.1567
2.15024
2.14444
2.13938
2.13493
2.13084
2.12678
2.1224
2.11742
2.1117
2.10519
2.09803
2.09043
2.0827
2.07519
0.714994
0.932847
1.12559
1.2886
1.43147
1.55591
1.66511
1.76144
1.8466
1.92197
1.98866
2.04755
2.09931
2.14441
2.1832
2.21586
2.24255
2.26336
2.27849
2.28824
2.2931
2.2937
2.29146
2.28742
2.28242
2.27724
2.27244
2.26829
2.26476
2.2616
2.2584
2.2547
2.25009
2.2443
2.2372
2.2289
2.21965
2.20987
2.20004
2.19059
2.182
0.729893
0.958423
1.16036
1.33117
1.48197
1.61396
1.73069
1.83439
1.9267
2.0089
2.08203
2.14684
2.20389
2.25356
2.29606
2.33153
2.36013
2.38207
2.39776
2.40779
2.41296
2.41421
2.41323
2.41115
2.40869
2.4064
2.4045
2.40287
2.40111
2.39874
2.39519
2.39008
2.38313
2.37436
2.36399
2.35246
2.34034
2.32824
2.3168
2.30642
2.2975
0.749021
0.988881
1.20103
1.38066
1.54004
1.68025
1.80493
1.91636
2.01603
2.10523
2.18483
2.25551
2.31768
2.37163
2.41753
2.45557
2.48602
2.50938
2.52631
2.53775
2.54474
2.54835
2.5503
2.55156
2.55248
2.55325
2.55365
2.55329
2.55156
2.54798
2.54211
2.53388
2.52334
2.51091
2.49716
2.48282
2.46866
2.45532
2.44345
2.43329
2.425
0.771785
1.0245
1.24792
1.4373
1.60607
1.75505
1.88821
2.00771
2.11505
2.21137
2.29749
2.37395
2.44111
2.49924
2.54854
2.58941
2.6223
2.64806
2.66755
2.68198
2.69238
2.69977
2.70557
2.71047
2.71434
2.71707
2.71813
2.71713
2.71345
2.70694
2.69745
2.68533
2.671
2.65523
2.63884
2.62265
2.60749
2.59385
2.58224
2.57264
2.56491
0.799281
1.06547
1.3013
1.5014
1.68041
1.83884
1.981
2.10898
2.22426
2.32788
2.42063
2.50296
2.57526
2.63784
2.69111
2.73562
2.77216
2.80167
2.82528
2.84407
2.85905
2.87072
2.88034
2.88805
2.89361
2.89652
2.89649
2.89305
2.88614
2.8757
2.86223
2.84622
2.82856
2.81013
2.79184
2.77457
2.75888
2.74526
2.7337
2.72426
2.71619
0.830779
1.11217
1.36165
1.57357
1.76361
1.93223
2.08392
2.22087
2.34443
2.45569
2.55537
2.64395
2.72192
2.78969
2.84793
2.89727
2.93882
2.97346
3.00242
3.02642
3.04628
3.06193
3.07444
3.08364
3.08926
3.0908
3.08826
3.0814
3.07059
3.05611
3.03881
3.01944
2.99907
2.97862
2.95898
2.94087
2.92465
2.91056
2.89833
2.88785
2.87818
0.86763
1.16512
1.42943
1.6544
1.85646
2.036
2.19793
2.3444
2.47679
2.59622
2.70342
2.799
2.88351
2.9576
3.02199
3.07761
3.12538
3.16634
3.20124
3.23076
3.25506
3.27392
3.28801
3.29741
3.30165
3.30077
3.29474
3.28405
3.26905
3.25069
3.22976
3.20743
3.18463
3.16237
3.14136
3.12212
3.10484
3.0894
3.07554
3.06286
3.05055
0.909289
1.22488
1.50576
1.74484
1.95998
2.15133
2.32432
2.48105
2.62302
2.7514
2.86703
2.97061
3.06284
3.14453
3.21643
3.27951
3.33456
3.38242
3.42351
3.45818
3.48625
3.50721
3.52173
3.53008
3.53198
3.5278
3.51783
3.50292
3.48374
3.46148
3.43711
3.41188
3.38669
3.36244
3.33967
3.31866
3.29938
3.28157
3.26478
3.24867
3.23243
0.957764
1.29267
1.59147
1.84626
2.07554
2.27981
2.46477
2.63275
2.78525
2.92366
3.04886
3.1617
3.26302
3.35363
3.43431
3.50586
3.56889
3.62393
3.67111
3.71045
3.74154
3.76372
3.77781
3.78438
3.78337
3.77553
3.76142
3.74226
3.71891
3.69278
3.66489
3.63654
3.6085
3.58155
3.55597
3.53195
3.50923
3.48751
3.46628
3.44536
3.42399
1.01301
1.36989
1.68853
1.96029
2.20512
2.42337
2.62154
2.80187
2.96616
3.11585
3.252
3.37554
3.4873
3.58816
3.67864
3.75949
3.83089
3.89323
3.94621
3.98979
4.02324
4.04599
4.05895
4.06319
4.05876
4.04694
4.02836
4.00471
3.97684
3.9465
3.91452
3.88234
3.85041
3.81952
3.78967
3.76101
3.73314
3.70585
3.67864
3.65155
3.624
1.07833
1.45831
1.79871
2.08918
2.35088
2.58456
2.79724
2.99134
3.16883
3.33133
3.47996
3.61565
3.7393
3.85152
3.95284
4.04351
4.12372
4.19329
4.25202
4.29936
4.33487
4.35749
4.36897
4.37012
4.36196
4.34532
4.32189
4.29279
4.25978
4.22392
4.18675
4.14896
4.1115
4.07452
4.03839
4.00285
3.9679
3.93308
3.89839
3.86375
3.82914
1.1541
1.56051
1.92442
2.23538
2.51559
2.76625
2.99505
3.20453
3.39687
3.57382
3.73654
3.88591
4.02276
4.14751
4.26046
4.3616
4.45086
4.52782
4.5921
4.64298
4.67997
4.70192
4.71097
4.70825
4.69511
4.67265
4.64284
4.60697
4.56694
4.52385
4.47926
4.4338
4.3884
4.34315
4.29846
4.25411
4.21027
4.16661
4.12336
4.08061
4.03855
1.24499
1.67891
2.06868
2.40188
2.70253
2.97194
3.21871
3.44536
3.65438
3.84756
4.02606
4.19065
4.34204
4.48045
4.6059
4.71814
4.81682
4.90131
4.97102
5.02507
5.06285
5.0832
5.08861
5.08064
5.06094
5.03091
4.99277
4.948
4.89867
4.8459
4.79135
4.73562
4.67972
4.62373
4.56828
4.51321
4.45899
4.40537
4.35288
4.30168
4.25212
1.35258
1.81743
2.23498
2.59267
2.91562
3.20587
3.47253
3.71842
3.94605
4.15741
4.35345
4.5349
4.70226
4.85551
4.99443
5.11843
5.22696
5.31903
5.39393
5.45044
5.48798
5.50513
5.50508
5.48955
5.46087
5.42048
5.37119
5.31442
5.25273
5.1871
5.11959
5.05061
4.98157
4.91245
4.84427
4.77686
4.71105
4.64653
4.58411
4.52382
4.46608
1.48233
1.9798
2.42768
2.8119
3.15946
3.47269
3.76155
4.02883
4.2773
4.5089
4.72446
4.92456
5.10948
5.27898
5.43243
5.56906
5.6878
5.7876
5.86715
5.92539
5.96105
5.9733
5.96519
5.93977
5.89899
5.84559
5.78174
5.71022
5.63274
5.55158
5.46787
5.38328
5.29829
5.2141
5.13093
5.04978
4.97066
4.89425
4.82044
4.75013
4.6826
1.63734
2.17059
2.65121
3.06456
3.43908
3.77787
4.09141
4.38257
4.65427
4.90842
5.14569
5.36644
5.57072
5.75797
5.92717
6.07718
6.20653
6.31379
6.39729
6.45567
6.48745
6.49186
6.47272
6.43372
6.37741
6.307
6.22512
6.13489
6.03833
5.938
5.83516
5.73179
5.62846
5.52667
5.42666
5.32971
5.23576
5.14555
5.05879
4.97635
4.8971
1.82328
2.3948
2.91109
3.35628
3.76065
4.12782
4.469
4.78683
5.08459
5.36397
5.6255
5.8692
6.09491
6.30159
6.48783
6.65193
6.79198
6.90605
6.99203
7.04825
7.07292
7.0656
7.03094
6.97374
6.89701
6.80489
6.70019
6.58686
6.46691
6.34358
6.218
6.09278
5.96822
5.84634
5.72704
5.61203
5.50079
5.39425
5.29142
5.1935
5.09858
2.04533
2.65849
3.21359
3.69394
4.13134
4.53031
4.90252
5.25043
5.57755
5.88543
6.17424
6.44369
6.69321
6.92124
7.12579
7.3045
7.45488
7.57431
7.66038
7.7108
7.72388
7.69927
7.64358
7.56201
7.45934
7.33953
7.20708
7.06533
6.91792
6.76707
6.61556
6.46461
6.31612
6.17048
6.02921
5.89223
5.76053
5.63297
5.51017
5.39134
5.27667
2.31042
2.96885
3.56641
4.08562
4.55989
4.99466
5.40198
5.78409
6.14458
6.48485
6.80454
7.10296
7.37895
7.6303
7.85416
8.04737
8.20669
8.32882
8.4108
8.45003
8.44473
8.39543
8.31082
8.19743
8.06125
7.90706
7.74012
7.56425
7.38355
7.20042
7.01784
6.83698
6.65979
6.4864
6.31835
6.15518
5.99785
5.84468
5.69634
5.55183
5.41184
2.62638
3.3346
3.97907
4.5416
5.0575
5.53297
5.98036
6.40179
6.80065
7.17803
7.53292
7.864
8.16931
8.44568
8.68916
8.8956
9.06074
9.18059
9.25171
9.2713
9.23774
9.15332
9.02945
8.8743
8.69529
8.49807
8.28868
8.07135
7.85062
7.62885
7.40922
7.19265
6.98108
6.77427
6.57376
6.37885
6.19044
6.00648
5.82773
5.65323
5.48405
3.00345
3.767
4.46393
5.0755
5.63916
6.16158
6.65524
7.12243
7.56592
7.98631
8.38164
8.74957
9.08701
9.38939
9.6513
9.86726
10.032
10.1408
10.1899
10.1769
10.1008
9.9667
9.78989
9.58038
9.34708
9.0965
8.83542
8.56828
8.29995
8.03254
7.76926
7.51057
7.25839
7.01198
6.7731
6.54071
6.31594
6.09638
5.88306
5.67511
5.47454
3.45406
4.28017
5.03672
5.70475
6.32405
6.90157
7.44983
7.97125
8.46756
8.93839
9.38033
9.78949
10.161
10.4884
10.7642
10.9816
11.134
11.2166
11.2261
11.1611
11.0223
10.8194
10.5727
10.2939
9.99337
9.67815
9.35551
9.02974
8.70578
8.38507
8.07073
7.76244
7.46226
7.16888
6.88469
6.60829
6.34145
6.08116
5.82927
5.58531
5.35236
3.99504
4.89322
5.71885
6.45328
7.13876
7.78255
8.39683
8.98396
9.54409
10.0748
10.5703
11.0243
11.4293
11.7759
12.0544
12.2563
12.375
12.4063
12.349
12.2044
11.9764
11.6815
11.346
10.983
10.6035
10.2147
9.82378
9.43408
9.04972
8.67059
8.29896
7.93326
7.57579
7.22503
6.88461
6.55321
6.23353
5.92227
5.62241
5.33414
5.06335
4.63991
5.62204
6.52972
7.34425
8.11065
8.83628
9.53199
10.1996
10.8372
11.438
11.9926
12.4909
12.9212
13.2706
13.5271
13.6822
13.7306
13.6721
13.5099
13.2505
12.9024
12.4911
12.0491
11.5894
11.1233
10.6574
10.1982
9.74736
9.30699
8.87355
8.4472
8.02389
7.60612
7.19193
6.78674
6.38893
6.00251
5.62381
5.25846
4.90937
4.5864
5.38318
6.4595
7.46227
8.37045
9.23284
10.056
10.8489
11.611
12.3373
13.0139
13.6253
14.155
14.5862
14.903
15.0935
15.1524
15.0809
14.8865
14.5804
14.176
13.6866
13.1464
12.5925
12.0353
11.485
10.9472
10.4268
9.92287
9.43388
8.95252
8.47609
7.99959
7.52604
7.05411
6.58909
6.12792
5.67327
5.22151
4.78156
4.36197
3.97924
6.18079
7.36225
8.47079
9.48439
10.4559
11.3901
12.2936
13.1601
13.9788
14.7273
15.3775
15.9063
16.2928
16.5218
16.5875
16.4946
16.2564
15.892
15.4219
14.8652
14.2372
13.5793
12.93
12.2966
11.6862
11.1023
10.5448
10.008
9.48196
8.95595
8.42458
7.88826
7.35221
6.82032
6.29351
5.76833
5.24061
4.71147
4.19229
3.70479
3.27043
6.99592
8.29923
9.52959
10.666
11.7654
12.8301
13.8611
14.8417
15.7489
16.5483
17.1976
17.6682
17.9416
18.0126
17.8908
17.5986
17.1654
16.6212
15.9924
15.296
14.5469
13.7905
13.0683
12.3827
11.7404
11.1411
10.5806
10.0389
9.49952
8.93931
8.36142
7.76378
7.17023
6.5712
5.98034
5.36902
4.75116
4.11306
3.49899
2.92798
2.44694
7.79552
9.24253
10.6165
11.8991
13.1509
14.3688
15.5436
16.6408
17.6162
18.4209
19.0025
19.3331
19.4114
19.256
18.9016
18.3908
17.7665
17.0649
16.3064
15.5026
14.663
13.8402
13.0726
12.3611
11.7066
11.108
10.5504
10.0069
9.44633
8.8538
8.22924
7.59433
6.95334
6.3155
5.65118
4.95647
4.21202
3.45329
2.71101
2.05339
1.51077
8.54552
10.1658
11.7129
13.1732
14.6095
16.0077
17.3377
18.5363
19.5308
20.2609
20.6776
20.7734
20.5838
20.1623
19.5677
18.8576
18.0793
17.2607
16.4075
15.5225
14.6261
13.7781
13.0145
12.3202
11.6921
11.1173
10.5663
9.99888
9.38707
8.73011
8.05059
7.372
6.70354
6.01889
5.2855
4.47343
3.59363
2.68467
1.81991
1.06245
0.460536
9.20523
11.0385
12.7987
14.48
16.1429
17.7491
19.2292
20.4782
21.4007
21.9434
22.0863
21.8703
21.3799
20.6997
19.9024
19.046
18.1706
17.2799
16.3556
15.4088
14.4804
13.6389
12.9094
12.2731
11.7129
11.1973
10.6712
10.0831
9.4163
8.69805
7.97243
7.26889
6.573
5.83518
4.99883
4.03961
2.9879
1.91779
0.913708
0.0463475
-0.650849
9.7312
11.8276
13.8548
15.8164
17.7574
19.589
21.1764
22.3727
23.0922
23.3242
23.1109
22.5595
21.7947
20.9119
19.9763
19.038
18.1161
17.1774
16.1963
15.2147
14.293
13.483
12.7993
12.2188
11.7248
11.2623
10.7542
10.1488
9.45286
8.72105
8.00921
7.33198
6.64484
5.86454
4.92516
3.81712
2.60441
1.38427
0.24618
-0.767241
-1.63845
10.0725
12.4979
14.8658
17.1898
19.4647
21.5011
23.0901
24.0787
24.4544
24.2887
23.7031
22.862
21.897
20.8874
19.8823
18.9192
17.9785
16.9883
15.9598
14.9874
14.12
13.3649
12.7255
12.1868
11.7244
11.2637
10.7204
10.0674
9.34496
8.6318
7.97599
7.36408
6.70966
5.91114
4.90304
3.70566
2.41253
1.1283
-0.0907027
-1.25073
-2.37892
10.1747
13.0079
15.8306
18.6288
21.2671
23.4127
24.8228
25.4388
25.3775
24.8039
23.9098
22.8736
21.7959
20.7254
19.7
18.7456
17.7853
16.7362
15.6936
14.783
14.0057
13.3223
12.7354
12.2289
11.7714
11.2683
10.645
9.91311
9.14941
8.44591
7.82998
7.25303
6.59802
5.76098
4.69989
3.47262
2.19359
0.948498
-0.26458
-1.53643
-2.95441
9.95285
13.3188
16.7764
20.1764
23.1264
25.1819
26.2072
26.3461
25.8435
24.9358
23.8464
22.7109
21.5841
20.4942
19.4872
18.5525
17.5457
16.4396
15.4266
14.6066
13.9172
13.297
12.7699
12.3056
11.8519
11.3044
10.6096
9.81733
9.02569
8.32769
7.72044
7.125
6.40625
5.49051
4.35746
3.11573
1.88386
0.717578
-0.465412
-1.82521
-3.56645
9.28005
13.4081
17.7839
21.858
24.9261
26.6322
27.1334
26.7947
25.9334
24.8201
23.6435
22.4691
21.3207
20.2377
19.2862
18.3734
17.3177
16.2022
15.2599
14.5094
13.8605
13.2645
12.7807
12.3454
11.8859
11.3006
10.5647
9.75615
8.97556
8.30294
7.7022
7.07193
6.27275
5.27702
4.07245
2.82144
1.61858
0.499136
-0.704682
-2.19437
-4.32668
8.00904
13.3254
18.9594
23.6168
26.4819
27.6311
27.6036
26.8738
25.7809
24.5827
23.3766
22.1823
21.0212
19.9682
19.0769
18.1463
17.0512
16.01
15.184
14.4885
13.8462
13.2435
12.776
12.3418
11.8516
11.2183
10.4499
9.64432
8.89276
8.25458
7.6643
7.00837
6.15656
5.12729
3.89274
2.66036
1.47147
0.354232
-0.94137
-2.62581
-5.22466
5.96078
13.174
20.3781
25.3018
27.6372
28.1765
27.7169
26.7277
25.537
24.3209
23.0994
21.899
20.7695
19.8062
18.9624
17.9522
16.8146
15.8715
15.1592
14.516
13.8894
13.2771
12.8149
12.3608
11.826
11.1401
10.3411
9.54059
8.81518
8.19962
7.6049
6.91774
6.02373
5.00487
3.7654
2.58516
1.39472
0.267566
-1.18164
-3.06302
-6.27615
2.84403
13.2761
22.0136
26.7012
28.335
28.3586
27.5963
26.463
25.243
24.0097
22.7617
21.56
20.4951
19.6395
18.8159
17.7463
16.619
15.7523
15.1055
14.5063
13.907
13.3002
12.8341
12.359
11.7896
11.0705
10.2618
9.48307
8.79305
8.19793
7.5889
6.8596
5.92471
4.90232
3.6682
2.52781
1.33396
0.181011
-1.40128
-3.50052
-7.27174
-2.26258
13.5636
23.5885
27.7133
28.6715
28.3302
27.3989
26.2319
25.0239
23.7988
22.5742
21.421
20.4245
19.5888
18.6969
17.6051
16.5495
15.7275
15.0928
14.5092
13.9221
13.3089
12.8252
12.3316
11.7423
11.0108
10.2115
9.4682
8.82291
8.25413
7.63619
6.86924
5.89221
4.84841
3.60961
2.48124
1.28102
0.101447
-1.57123
-3.83083
-8.1083
-6.81888
15.1678
25.247
28.3131
28.7417
28.1505
27.0549
25.8258
24.5893
23.3616
22.1884
21.1294
20.2265
19.4053
18.4576
17.3838
16.416
15.6408
15.0248
14.4612
13.8862
13.2702
12.7729
12.2728
11.6781
10.9449
10.1563
9.43889
8.82823
8.28423
7.67073
6.88766
5.88819
4.81787
3.5728
2.43541
1.23373
0.0331666
-1.67108
-4.02117
-8.61359
2.11182
2.11243
2.11029
2.10749
2.10512
2.10297
2.10062
2.09795
2.09507
2.09189
2.08851
2.08474
2.08075
2.07636
2.07178
2.06679
2.06167
2.05615
2.05053
2.04452
2.03839
2.03182
2.02508
2.01786
2.01037
2.00233
1.99393
1.98497
1.97557
1.96561
1.95515
1.94416
1.9326
1.9205
1.90775
1.89439
1.88024
1.86537
1.84956
1.83287
1.81505
1.79619
1.776
1.75459
1.73167
1.70735
1.68138
1.65385
1.62456
1.59356
1.56072
1.52605
1.48946
1.45092
1.41042
1.36787
1.3233
1.27663
1.22789
1.17703
1.12405
1.06894
1.01164
0.95217
0.890348
0.826138
0.75911
0.688998
0.614997
0.536037
0.450054
0.352966
0.236229
0.0828151
1.35334
1.35176
1.35119
1.35063
1.34966
1.34848
1.34725
1.34608
1.34486
1.34372
1.34254
1.3415
1.34046
1.33964
1.33888
1.33844
1.33813
1.33814
1.33821
1.33842
1.33848
1.33843
1.33802
1.3373
1.33614
1.33459
1.33262
1.33026
1.32756
1.3245
1.32119
1.31759
1.31379
1.3097
1.30534
1.30064
1.29552
1.28995
1.28375
1.27698
1.26939
1.26112
1.25187
1.24186
1.23072
1.21871
1.20545
1.19121
1.17559
1.15885
1.14063
1.12114
1.10007
1.07756
1.05337
1.02758
1.00001
0.970658
0.939412
0.906183
0.870916
0.833432
0.793692
0.751432
0.706543
0.658611
0.60731
0.552015
0.49193
0.42583
0.351506
0.266257
0.163205
0.053422
1.72357
1.72533
1.72664
1.72722
1.72744
1.72745
1.72725
1.72676
1.72604
1.72509
1.724
1.72273
1.72135
1.71982
1.71824
1.71656
1.71485
1.71298
1.71092
1.70845
1.70547
1.70176
1.69723
1.69174
1.6853
1.67786
1.66947
1.66017
1.65003
1.6391
1.62744
1.6151
1.60208
1.58836
1.57387
1.55851
1.5422
1.52478
1.50623
1.48641
1.46538
1.44303
1.41954
1.39478
1.36896
1.34195
1.31393
1.28476
1.25459
1.22328
1.19093
1.15742
1.12285
1.08712
1.05031
1.01239
0.973404
0.933355
0.89226
0.850135
0.806949
0.762688
0.717259
0.670555
0.622339
0.572391
0.5203
0.465587
0.407568
0.345302
0.277057
0.202194
0.115467
0.0360191
1.67879
1.679
1.67931
1.67902
1.67842
1.67774
1.67718
1.67666
1.67634
1.67617
1.67632
1.67663
1.67722
1.67788
1.67871
1.6795
1.68028
1.68084
1.68113
1.68091
1.68005
1.6784
1.67585
1.67239
1.66801
1.6628
1.65683
1.65022
1.64302
1.63535
1.62721
1.61864
1.60956
1.59992
1.58957
1.57836
1.56613
1.5527
1.53795
1.52173
1.50406
1.48484
1.46419
1.44203
1.41855
1.39364
1.36745
1.33986
1.31094
1.28056
1.24873
1.21534
1.18039
1.1438
1.10561
1.0658
1.02444
0.981557
0.937243
0.891553
0.84455
0.796252
0.746645
0.695623
0.643068
0.588732
0.532371
0.47364
0.411971
0.346727
0.276518
0.20145
0.116422
0.0370899
1.79741
1.79882
1.80027
1.80097
1.80132
1.80164
1.80209
1.80256
1.80318
1.8039
1.80481
1.80576
1.80672
1.80752
1.8081
1.80833
1.80815
1.80745
1.8061
1.80398
1.80092
1.79684
1.79162
1.78532
1.77792
1.76959
1.76042
1.7506
1.74017
1.72927
1.71788
1.706
1.69353
1.68034
1.66626
1.6511
1.6347
1.61688
1.59757
1.57666
1.55421
1.5302
1.5048
1.47804
1.45009
1.42097
1.39081
1.35957
1.32727
1.29383
1.25921
1.2233
1.18605
1.1474
1.10732
1.06583
1.02296
0.97877
0.933348
0.886783
0.839091
0.790341
0.740412
0.689219
0.636528
0.582189
0.525896
0.467302
0.405914
0.341176
0.271814
0.198046
0.114887
0.0371418
1.87662
1.87743
1.87857
1.87905
1.87935
1.87984
1.88068
1.88166
1.88285
1.88413
1.88555
1.88689
1.88811
1.88904
1.88964
1.8898
1.88945
1.88849
1.88678
1.88423
1.8806
1.87589
1.86993
1.86286
1.85464
1.84554
1.83558
1.82503
1.81388
1.80231
1.7902
1.77756
1.7642
1.74998
1.73466
1.71803
1.69989
1.68006
1.65845
1.63498
1.60972
1.58271
1.55412
1.52405
1.49269
1.4601
1.42642
1.39162
1.35576
1.31872
1.28049
1.24094
1.20005
1.15776
1.11408
1.06905
1.02277
0.975371
0.926984
0.877719
0.827707
0.776909
0.725356
0.672863
0.619308
0.564443
0.50804
0.449784
0.389159
0.325678
0.258143
0.186929
0.107272
0.0347968
1.97357
1.97446
1.9759
1.97689
1.97772
1.97899
1.9806
1.98244
1.98432
1.98624
1.98804
1.98962
1.99081
1.99149
1.99159
1.99101
1.98975
1.98765
1.98473
1.98074
1.97568
1.96933
1.96177
1.95292
1.94302
1.93208
1.9204
1.90801
1.89511
1.88166
1.86769
1.85303
1.83758
1.82107
1.80329
1.78401
1.76301
1.74014
1.71532
1.68853
1.65985
1.62941
1.59737
1.56393
1.52925
1.49347
1.45666
1.41887
1.38005
1.34015
1.29908
1.25674
1.21307
1.16802
1.12161
1.07392
1.02505
0.975186
0.924473
0.873058
0.821059
0.768554
0.715446
0.661694
0.607126
0.551628
0.494914
0.436675
0.376489
0.3139
0.247789
0.178712
0.101999
0.0333987
2.07092
2.0716
2.0732
2.07452
2.07584
2.07779
2.08015
2.08274
2.08524
2.08764
2.08972
2.09138
2.09246
2.09287
2.0926
2.09154
2.08973
2.08699
2.08332
2.07843
2.07234
2.06478
2.05587
2.04549
2.03393
2.02119
2.00761
1.99321
1.97823
1.96259
1.94634
1.92928
1.9113
1.89211
1.87148
1.84914
1.82489
1.79857
1.77012
1.73956
1.70702
1.67267
1.63673
1.59945
1.56102
1.52161
1.48131
1.44015
1.3981
1.3551
1.31103
1.26582
1.21939
1.17173
1.12284
1.07284
1.02187
0.970083
0.917662
0.864807
0.811562
0.757982
0.704115
0.64982
0.595028
0.539506
0.483056
0.425396
0.366058
0.304639
0.24006
0.173005
0.0987318
0.0329141
2.17786
2.17953
2.18234
2.18483
2.18721
2.19007
2.19311
2.19607
2.19863
2.20079
2.20238
2.20333
2.20355
2.20298
2.20165
2.1995
2.19656
2.19267
2.18781
2.18167
2.17423
2.16517
2.15461
2.14238
2.12881
2.11386
2.09793
2.08103
2.06342
2.04503
2.02593
2.00591
1.98485
1.96243
1.93843
1.91254
1.88458
1.85437
1.82191
1.78722
1.7505
1.71197
1.67191
1.63059
1.58826
1.54509
1.5012
1.45662
1.41131
1.36519
1.31817
1.27015
1.22107
1.17091
1.11972
1.06761
1.0147
0.961223
0.907361
0.853212
0.798981
0.744707
0.690304
0.635802
0.58104
0.525894
0.470061
0.413239
0.355032
0.295023
0.232149
0.167197
0.0952806
0.0324155
2.294
2.2969
2.30092
2.30435
2.30734
2.31055
2.31361
2.31624
2.31814
2.31935
2.31977
2.31941
2.31824
2.3163
2.31366
2.31028
2.30621
2.30121
2.29522
2.28785
2.279
2.2683
2.25583
2.24143
2.22542
2.2078
2.189
2.16907
2.14833
2.1267
2.10429
2.08088
2.05634
2.03033
2.00261
1.97284
1.94085
1.90646
1.86967
1.83058
1.78941
1.74645
1.70204
1.65651
1.61014
1.56315
1.51567
1.46772
1.41929
1.37027
1.32057
1.27008
1.21873
1.16651
1.11344
1.05957
1.00515
0.950312
0.89527
0.840262
0.785302
0.730467
0.675847
0.621312
0.566796
0.512054
0.456862
0.400934
0.34382
0.285168
0.223921
0.161017
0.0913588
0.0317607
2.4229
2.42756
2.43309
2.43744
2.44079
2.4438
2.44616
2.44759
2.44791
2.44723
2.44563
2.44317
2.43995
2.43604
2.43156
2.42645
2.42073
2.4141
2.40643
2.39724
2.38638
2.37342
2.35843
2.34123
2.32218
2.30131
2.2791
2.25565
2.23129
2.20599
2.17986
2.15267
2.12429
2.09435
2.06261
2.02869
1.99241
1.9536
1.91229
1.86859
1.8228
1.77525
1.72637
1.67654
1.62611
1.57533
1.52438
1.47327
1.422
1.37043
1.31846
1.26596
1.21283
1.15897
1.10443
1.04932
0.993713
0.93792
0.882145
0.826499
0.771196
0.716248
0.661586
0.60725
0.553083
0.498909
0.444404
0.389267
0.333149
0.275712
0.215926
0.154904
0.08731
0.0310495
2.56353
2.56919
2.57536
2.5797
2.58253
2.5846
2.5857
2.58555
2.58412
2.58153
2.57796
2.57348
2.56826
2.56234
2.55588
2.54875
2.54097
2.53214
2.5221
2.51027
2.4965
2.48031
2.46184
2.4409
2.41796
2.39307
2.3668
2.33925
2.31083
2.28147
2.25131
2.22006
2.1876
2.15351
2.11752
2.07923
2.03847
1.99502
1.94899
1.90048
1.84989
1.79762
1.74417
1.69004
1.63563
1.58128
1.52713
1.47327
1.41962
1.36604
1.31236
1.25839
1.20394
1.14898
1.09343
1.03734
0.981016
0.924607
0.868367
0.81255
0.757147
0.702245
0.647882
0.593926
0.540288
0.486682
0.432851
0.378503
0.323268
0.266901
0.208393
0.149083
0.0833185
0.0303897
2.71456
2.7203
2.72631
2.72978
2.7314
2.73193
2.73131
2.72928
2.72588
2.72135
2.71583
2.7095
2.70234
2.69453
2.68597
2.67669
2.66637
2.65486
2.64161
2.6264
2.60869
2.58844
2.56541
2.53994
2.51213
2.48256
2.45146
2.41932
2.38626
2.35247
2.31786
2.28231
2.24547
2.20705
2.1666
2.12381
2.07835
2.03012
1.97913
1.92565
1.87007
1.81295
1.75491
1.69653
1.63835
1.58073
1.52387
1.46781
1.41241
1.35748
1.30272
1.24785
1.19269
1.137
1.08082
1.02427
0.967445
0.910732
0.854389
0.798547
0.743395
0.688871
0.634871
0.581433
0.528374
0.475445
0.422298
0.368649
0.314216
0.2588
0.201412
0.143651
0.0794703
0.0297984
2.87458
2.87896
2.88329
2.88469
2.88402
2.88228
2.87946
2.8754
2.87008
2.86382
2.85663
2.84868
2.83983
2.83021
2.81959
2.80798
2.79493
2.78027
2.76341
2.74414
2.7219
2.69675
2.66849
2.63761
2.60428
2.56922
2.53271
2.49532
2.45717
2.41849
2.37913
2.33894
2.29755
2.25457
2.20952
2.162
2.11167
2.05841
2.00226
1.94358
1.88286
1.82082
1.75822
1.69579
1.63418
1.57377
1.51481
1.45721
1.4008
1.3452
1.29002
1.23484
1.17934
1.12343
1.06698
1.01011
0.953196
0.89647
0.840249
0.784766
0.729978
0.675902
0.622515
0.569685
0.517296
0.465018
0.412546
0.359599
0.305899
0.251348
0.19496
0.138645
0.0758392
0.0293564
3.04407
3.04637
3.04834
3.04696
3.04332
3.03859
3.03294
3.02612
3.01831
3.00966
3.00034
2.99021
2.97931
2.96738
2.95437
2.93991
2.92379
2.90548
2.88467
2.86079
2.83368
2.80305
2.76919
2.73228
2.693
2.65181
2.6094
2.56617
2.5225
2.47845
2.43402
2.38892
2.34278
2.29508
2.24531
2.19293
2.1376
2.07914
2.0177
1.95368
1.88778
1.82088
1.75392
1.68781
1.62327
1.56075
1.50038
1.44203
1.38534
1.32977
1.27473
1.21971
1.16435
1.10841
1.05198
0.995223
0.938346
0.881835
0.825981
0.770923
0.716751
0.663328
0.610525
0.558371
0.506679
0.455117
0.403322
0.351039
0.298051
0.244331
0.18889
0.133968
0.0723901
0.0290302
3.22203
3.22126
3.22005
3.21526
3.20821
3.20019
3.19143
3.18167
3.1711
3.15979
3.14787
3.13509
3.1214
3.10646
3.09018
3.07211
3.05204
3.02937
3.00381
2.97475
2.94208
2.90555
2.86551
2.82224
2.77651
2.7289
2.68018
2.63082
2.58127
2.53162
2.48185
2.43163
2.38054
2.32795
2.27325
2.21585
2.15531
2.09152
2.02466
1.9553
1.88432
1.81283
1.74196
1.67277
1.60604
1.5422
1.48128
1.42298
1.36671
1.31176
1.25737
1.20289
1.14792
1.09235
1.03614
0.979546
0.923033
0.866916
0.811557
0.757145
0.703572
0.650796
0.598726
0.547265
0.496279
0.445386
0.394248
0.342614
0.290313
0.23742
0.18292
0.12942
0.0690121
0.0288045
3.40893
3.4045
3.39957
3.39091
3.38005
3.36836
3.35611
3.343
3.32918
3.31462
3.29939
3.28311
3.26568
3.24669
3.22604
3.20321
3.17804
3.14992
3.11858
3.08344
3.04444
3.00138
2.95466
2.90468
2.85224
2.79807
2.74296
2.68747
2.63205
2.57681
2.5217
2.46632
2.4102
2.35258
2.29281
2.23015
2.16425
2.09496
2.02265
1.94804
1.87226
1.79664
1.7225
1.65104
1.58302
1.5188
1.45821
1.40072
1.34554
1.29172
1.23836
1.18473
1.13045
1.07533
1.01958
0.963476
0.907338
0.851743
0.797003
0.743231
0.690419
0.638376
0.586948
0.536173
0.48586
0.435607
0.385064
0.334042
0.28242
0.230371
0.176843
0.124817
0.0655701
0.0285712
3.60363
3.595
3.58597
3.57323
3.55842
3.54294
3.52703
3.51028
3.4928
3.47438
3.45504
3.43422
3.41188
3.38747
3.36101
3.33194
3.30025
3.26527
3.22695
3.18461
3.13838
3.088
3.0341
2.97702
2.91776
2.857
2.79565
2.73426
2.67322
2.61271
2.55244
2.49216
2.43106
2.36851
2.30358
2.23565
2.16428
2.08947
2.01175
1.93209
1.85189
1.77271
1.6961
1.62323
1.55491
1.4912
1.4318
1.37588
1.32235
1.2701
1.2181
1.16557
1.11213
1.05775
1.00255
0.946923
0.891431
0.83647
0.78242
0.729415
0.677293
0.625947
0.575237
0.525093
0.475376
0.425668
0.375659
0.325191
0.274233
0.223056
0.170546
0.120062
0.0620136
0.028304
3.80288
3.78976
3.77623
3.75929
3.74036
3.72104
3.70119
3.68054
3.65871
3.63579
3.61121
3.58487
3.55616
3.52514
3.49132
3.45482
3.41514
3.37229
3.32571
3.27538
3.22095
3.16274
3.10103
3.03661
2.97028
2.90299
2.83555
2.76854
2.70234
2.63695
2.57217
2.50741
2.44194
2.37483
2.30516
2.2322
2.15556
2.07542
1.99249
1.9081
1.82393
1.74185
1.6635
1.59014
1.52232
1.46008
1.40266
1.34894
1.29763
1.24733
1.19694
1.1457
1.09327
1.03964
0.985163
0.930263
0.875374
0.821134
0.767855
0.715619
0.664315
0.613701
0.563596
0.514028
0.464835
0.415597
0.366043
0.316121
0.265844
0.215579
0.164132
0.115227
0.0583907
0.0279564
4.00644
3.98857
3.97034
3.94882
3.92535
3.90147
3.87683
3.85112
3.82378
3.79489
3.76374
3.73034
3.69403
3.65506
3.61296
3.56803
3.51977
3.46833
3.41312
3.3542
3.29124
3.22465
3.15479
3.08258
3.00894
2.9349
2.86135
2.78887
2.71783
2.64813
2.57945
2.51102
2.44194
2.37105
2.29732
2.21989
2.13848
2.05334
1.9656
1.87685
1.78923
1.70484
1.6255
1.55239
1.48606
1.42601
1.37134
1.3205
1.27181
1.22379
1.17522
1.12538
1.07403
1.02133
0.967592
0.913388
0.859331
0.805898
0.753457
0.702073
0.651513
0.601605
0.552137
0.503077
0.454325
0.405492
0.356387
0.307003
0.257451
0.208151
0.157803
0.110484
0.0548516
0.027582
4.21439
4.19178
4.16863
4.14211
4.11335
4.08386
4.05306
4.02067
3.98597
3.94918
3.90958
3.86737
3.82199
3.77387
3.72261
3.66863
3.61141
3.55112
3.48714
3.41945
3.34778
3.27251
3.19419
3.11381
3.03257
2.95158
2.87191
2.79421
2.71878
2.64555
2.57385
2.50288
2.43121
2.3576
2.28061
2.19943
2.11369
2.02402
1.93174
1.83908
1.74848
1.66237
1.58274
1.51079
1.44664
1.38978
1.33853
1.29105
1.2454
1.19986
1.15324
1.10487
1.05464
1.00282
0.949961
0.896622
0.843341
0.790781
0.739228
0.688699
0.638987
0.589789
0.540873
0.492284
0.443948
0.395517
0.34688
0.298123
0.249376
0.201098
0.151866
0.106079
0.0515912
0.0272048
4.4217
4.3931
4.36354
4.33048
4.29476
4.25795
4.21917
4.1784
4.13474
4.08875
4.03958
3.9879
3.93295
3.87565
3.81524
3.75256
3.68658
3.61781
3.54507
3.46872
3.38805
3.30389
3.21674
3.12792
3.03897
2.95105
2.86578
2.78345
2.70489
2.62927
2.55623
2.48404
2.41128
2.33599
2.25664
2.17219
2.08245
1.98833
1.89175
1.79535
1.70213
1.61491
1.5358
1.46584
1.40503
1.35197
1.30485
1.26122
1.21883
1.17591
1.13127
1.08437
1.03526
0.984401
0.932388
0.879886
0.827547
0.775907
0.725278
0.675646
0.62671
0.578214
0.529891
0.481761
0.433844
0.38586
0.337797
0.289755
0.241914
0.194706
0.146575
0.102223
0.0487862
0.0269015
4.63014
4.59305
4.55471
4.5119
4.46646
4.41895
4.36968
4.31768
4.26344
4.20645
4.14733
4.0855
4.02164
3.95523
3.88683
3.81569
3.74199
3.66473
3.58376
3.49831
3.4086
3.315
3.21872
3.1214
3.02484
2.93091
2.84098
2.75601
2.67606
2.6006
2.5282
2.45699
2.38462
2.30881
2.22765
2.14006
2.04615
1.94731
1.84611
1.74596
1.65053
1.56284
1.48516
1.41832
1.36161
1.31342
1.27094
1.23148
1.19254
1.15226
1.10954
1.06404
1.01601
0.966071
0.914983
0.863414
0.811951
0.761251
0.711559
0.662825
0.614756
0.566985
0.519232
0.471596
0.424166
0.376732
0.329359
0.282172
0.235327
0.189206
0.142127
0.0990586
0.0465489
0.0266761
4.83392
4.78568
4.73528
4.67973
4.62125
4.56035
4.49779
4.43285
4.36642
4.29819
4.22889
4.15797
4.08595
4.01207
3.93657
3.85831
3.77714
3.69176
3.60184
3.50672
3.40673
3.30286
3.19675
3.0908
2.98738
2.88877
2.79667
2.71172
2.63387
2.56165
2.49301
2.42505
2.35471
2.27912
2.19619
2.10488
2.00592
1.90145
1.79511
1.6912
1.59375
1.50654
1.43144
1.36881
1.31745
1.27465
1.23739
1.20235
1.16687
1.12914
1.08825
1.04403
0.997018
0.947995
0.897797
0.84712
0.796615
0.746878
0.69816
0.650364
0.603137
0.556137
0.509038
0.461959
0.415106
0.368326
0.321793
0.275558
0.229768
0.184703
0.138574
0.0966051
0.0448874
0.0265428
5.02043
4.95632
4.88951
4.81732
4.74281
4.66628
4.58939
4.51134
4.43374
4.35587
4.27888
4.20144
4.12418
4.04523
3.96483
3.88066
3.7927
3.69868
3.59884
3.49222
3.3802
3.26435
3.14735
3.03289
2.92357
2.823
2.73195
2.65161
2.58018
2.51564
2.45427
2.39212
2.32512
2.24984
2.16409
2.06777
1.96215
1.85091
1.73871
1.63079
1.53235
1.44652
1.37528
1.31818
1.273
1.23654
1.20479
1.17424
1.1421
1.10673
1.06745
1.02439
0.978306
0.930144
0.88084
0.831079
0.781509
0.732766
0.68506
0.638259
0.59201
0.545845
0.499438
0.452999
0.406826
0.360834
0.315243
0.270026
0.225284
0.181182
0.135873
0.0947904
0.0437371
0.0264378
5.17815
5.09419
5.00587
4.91407
4.82015
4.72711
4.63503
4.54549
4.45834
4.37452
4.29304
4.21378
4.13479
4.05512
3.97222
3.88469
3.79006
3.68734
3.57547
3.45517
3.32822
3.19794
3.06877
2.94536
2.83226
2.73252
2.64766
2.57697
2.51779
2.46575
2.41553
2.36134
2.29802
2.22219
2.13225
2.02852
1.91455
1.79513
1.67661
1.5654
1.4664
1.38361
1.3177
1.26734
1.22945
1.19967
1.17363
1.14744
1.11841
1.08512
1.04723
1.00513
0.959868
0.912511
0.864079
0.815227
0.766664
0.719
0.672425
0.626725
0.581492
0.536247
0.490634
0.444913
0.39951
0.354364
0.309795
0.265589
0.221826
0.178536
0.133865
0.0934482
0.0429416
0.0263066
5.28843
5.17911
5.06559
4.95062
4.83604
4.72563
4.61988
4.52079
4.42824
4.34287
4.26314
4.18788
4.11404
4.03912
3.95917
3.87134
3.77227
3.66041
3.53509
3.39804
3.25295
3.10536
2.96218
2.83012
2.71501
2.62026
2.54666
2.49166
2.45029
2.4156
2.37925
2.334
2.27426
2.19606
2.09912
1.98622
1.86195
1.73363
1.60879
1.49464
1.39719
1.31876
1.2597
1.21738
1.18743
1.16475
1.14431
1.12219
1.09584
1.06428
1.02748
0.986169
0.941632
0.895044
0.847452
0.799577
0.752138
0.705682
0.660361
0.615888
0.571826
0.527566
0.482767
0.437815
0.393232
0.349001
0.305453
0.262185
0.21926
0.176586
0.132376
0.0924068
0.0423589
0.0260605
5.33234
5.1944
5.05299
4.91275
4.77633
4.64825
4.52954
4.42287
4.32819
4.24593
4.17386
4.10965
4.04863
3.98624
3.9164
3.8341
3.73449
3.61519
3.4761
3.32053
3.15496
2.98822
2.83049
2.69104
2.57716
2.49229
2.4356
2.40226
2.38399
2.36923
2.34811
2.31136
2.2524
2.16956
2.06353
1.9387
1.803
1.66523
1.53495
1.41996
1.32522
1.25344
1.20281
1.16949
1.14798
1.13227
1.11707
1.0985
1.07433
1.04406
1.00807
0.967355
0.923469
0.877622
0.831012
0.784221
0.738058
0.693008
0.649145
0.606032
0.56317
0.519932
0.475978
0.431811
0.388066
0.344705
0.302147
0.259677
0.217409
0.175132
0.131185
0.0914763
0.041814
0.0256438
5.29309
5.12582
4.9569
4.79275
4.63659
4.49342
4.36484
4.25369
4.16041
4.08524
4.02568
3.97824
3.93655
3.89346
3.83999
3.76817
3.67102
3.54521
3.3916
3.21596
3.0287
2.84297
2.67281
2.53041
2.42399
2.35622
2.32402
2.31826
2.32529
2.3323
2.32484
2.2932
2.23255
2.14075
2.02203
1.88374
1.73584
1.58973
1.45546
1.34137
1.25261
1.18908
1.1483
1.12474
1.11171
1.10263
1.09205
1.07629
1.05371
1.0243
0.988835
0.948616
0.905377
0.860379
0.814789
0.769264
0.724676
0.681232
0.638972
0.597311
0.555726
0.513468
0.470295
0.426878
0.383934
0.341421
0.299746
0.257896
0.216078
0.173981
0.13015
0.0905415
0.0412326
0.0250186
5.14201
4.94825
4.7569
4.57558
4.40805
4.25876
4.12925
4.02233
3.93867
3.87858
3.83939
3.81644
3.80122
3.78311
3.7494
3.68829
3.59072
3.45315
3.27864
3.07761
2.86572
2.66175
2.4843
2.34732
2.25897
2.21919
2.21929
2.24628
2.28278
2.30899
2.31155
2.28076
2.21173
2.10718
1.97279
1.81928
1.6594
1.50612
1.37096
1.26135
1.18033
1.12749
1.09765
1.08409
1.07919
1.076
1.06911
1.05537
1.03368
1.00471
0.969547
0.929786
0.887298
0.843285
0.799062
0.755036
0.712235
0.670612
0.630121
0.589939
0.549539
0.508179
0.465698
0.422972
0.380772
0.338988
0.29809
0.256648
0.215075
0.172968
0.129121
0.0895093
0.0405319
0.0241848
4.82122
4.60294
4.39543
4.20684
4.04042
3.89968
3.78576
3.70069
3.64577
3.62104
3.62319
3.6448
3.67306
3.69163
3.68196
3.62816
3.51983
3.35547
3.14483
2.90529
2.66142
2.43978
2.26111
2.14125
2.08356
2.08361
2.12794
2.19365
2.25808
2.303
2.31068
2.27344
2.19076
2.06699
1.91356
1.74356
1.57306
1.41588
1.28274
1.18052
1.11092
1.07007
1.05189
1.0482
1.05069
1.05227
1.048
1.03536
1.01401
0.985175
0.95022
0.911049
0.869514
0.826768
0.784023
0.741756
0.701091
0.661412
0.622717
0.583948
0.544642
0.504008
0.46208
0.41995
0.378409
0.337277
0.296999
0.25577
0.21426
0.171994
0.128074
0.0883875
0.0397593
0.0231832
4.30214
4.05525
3.83291
3.6417
3.48439
3.36287
3.27879
3.23518
3.23521
3.27861
3.35944
3.46301
3.56723
3.64438
3.6676
3.6158
3.47984
3.26754
2.9977
2.70309
2.4195
2.17899
2.00766
1.91561
1.90423
1.95802
2.05287
2.16297
2.25945
2.31573
2.32136
2.27042
2.16613
2.01911
1.84336
1.65739
1.47778
1.31975
1.19346
1.10261
1.04608
1.01885
1.01232
1.01772
1.02631
1.03133
1.02853
1.0161
0.994429
0.965509
0.930797
0.892456
0.852189
0.810981
0.770209
0.72989
0.691472
0.653794
0.616883
0.579359
0.540925
0.500831
0.4593
0.417692
0.376731
0.336111
0.296335
0.255112
0.213521
0.171004
0.126976
0.0872042
0.0389364
0.0220709
3.64823
3.37152
3.13441
2.93933
2.78743
2.68176
2.62829
2.63558
2.71153
2.85594
3.05488
3.28078
3.49323
3.64831
3.70735
3.64639
3.46596
3.18298
2.8388
2.47931
2.15306
1.90077
1.74515
1.69459
1.73782
1.85372
2.0085
2.16143
2.28112
2.34692
2.34325
2.27112
2.13979
1.96442
1.76583
1.56386
1.37937
1.22509
1.10859
1.03173
0.990451
0.976591
0.980839
0.993876
1.00681
1.01374
1.01109
0.99798
0.975826
0.946829
0.91251
0.875352
0.836635
0.79725
0.758437
0.720141
0.684149
0.648312
0.612958
0.576378
0.538545
0.498722
0.457432
0.416231
0.375744
0.335524
0.296071
0.254676
0.212884
0.170056
0.125937
0.0860639
0.0381883
0.0209369
2.90804
2.62121
2.38786
2.19982
2.0568
1.96677
1.94388
2.00975
2.17803
2.44539
2.78567
3.14982
3.47583
3.7018
3.78045
3.69174
3.44531
3.08306
2.66072
2.24182
1.88499
1.63063
1.50196
1.49954
1.60589
1.78452
1.99121
2.18505
2.32602
2.38802
2.36835
2.2703
2.10926
1.90552
1.68421
1.47088
1.28404
1.13694
1.03407
0.972621
0.945934
0.944562
0.95765
0.976409
0.991871
0.99922
0.995866
0.981626
0.9586
0.929656
0.896009
0.860403
0.823507
0.786091
0.749562
0.713188
0.679403
0.645153
0.611076
0.575069
0.537529
0.497747
0.456524
0.415655
0.375535
0.335542
0.296262
0.254505
0.212422
0.169263
0.125061
0.0851021
0.0376114
0.0198719
2.06286
1.78789
1.58142
1.41971
1.30585
1.24913
1.28324
1.43587
1.72658
2.14116
2.63243
3.12747
3.54376
3.80586
3.8675
3.71915
3.39262
2.94541
2.45369
1.99162
1.61948
1.38073
1.29007
1.34301
1.51021
1.75029
2.00753
2.2286
2.37838
2.43604
2.39504
2.26696
2.0745
1.84275
1.60194
1.379
1.19531
1.05888
0.970603
0.924853
0.91214
0.92132
0.941249
0.963718
0.980053
0.986786
0.981791
0.966159
0.942728
0.914167
0.881507
0.847835
0.812936
0.777598
0.743104
0.708522
0.676937
0.643935
0.610795
0.575019
0.537513
0.497591
0.456393
0.415796
0.375966
0.336092
0.29682
0.254589
0.212169
0.168687
0.124452
0.0844032
0.0373115
0.0189589
1.10536
0.843536
0.668267
0.55039
0.487637
0.503984
0.642067
0.94023
1.40327
1.99439
2.63793
3.23847
3.69896
3.94713
3.94636
3.70917
3.28792
2.76468
2.22273
1.73894
1.37299
1.16145
1.11726
1.22792
1.45725
1.74922
2.04324
2.28949
2.44296
2.48218
2.4163
2.25639
2.03451
1.77652
1.51877
1.29263
1.11419
0.991009
0.919066
0.8882
0.887528
0.905372
0.929894
0.954445
0.970349
0.975436
0.968725
0.951753
0.927773
0.899933
0.868626
0.837206
0.804438
0.771176
0.738915
0.705876
0.67613
0.644067
0.611593
0.575774
0.538158
0.498029
0.456825
0.416525
0.37694
0.337053
0.297696
0.254897
0.212148
0.168399
0.12417
0.0840557
0.0373363
0.0182507
0.0170653
-0.245815
-0.393461
-0.461918
-0.449671
-0.307805
0.00616889
0.519221
1.21224
2.00616
2.7938
3.46147
3.91496
4.09427
3.99161
3.64611
3.13582
2.55186
1.9828
1.4998
1.15451
0.983163
0.988974
1.1569
1.43898
1.77879
2.10292
2.3579
2.5051
2.52727
2.43298
2.23931
1.98929
1.70891
1.43858
1.21147
1.04316
0.934904
0.878731
0.861285
0.870675
0.895018
0.922189
0.94727
0.961774
0.964953
0.955951
0.937882
0.914177
0.887449
0.857767
0.828805
0.798157
0.766875
0.736383
0.704648
0.676698
0.645238
0.613153
0.577076
0.53923
0.498878
0.457765
0.417766
0.378394
0.338418
0.298865
0.255459
0.21241
0.168451
0.124278
0.0840838
0.03773
0.0177894
-1.18024
-1.48763
-1.62512
-1.63448
-1.50103
-1.18094
-0.617343
0.183598
1.146
2.14634
3.05002
3.74056
4.13558
4.20803
3.98106
3.52738
2.94342
2.32763
1.75826
1.29363
0.980634
0.850916
0.906517
1.12608
1.45609
1.83009
2.17066
2.43471
2.57045
2.5627
2.43999
2.21293
1.94012
1.63986
1.36092
1.1392
0.981881
0.889597
0.848907
0.842612
0.859711
0.888685
0.916731
0.941383
0.953962
0.954597
0.943857
0.925091
0.901549
0.876261
0.848494
0.822107
0.79353
0.764058
0.735431
0.704717
0.678134
0.647034
0.615162
0.578726
0.540671
0.500165
0.459203
0.419553
0.380354
0.340157
0.300349
0.256328
0.213035
0.168945
0.124837
0.0845634
0.0385132
0.0175936
-2.37964
-2.83257
-2.99809
-2.93015
-2.63684
-2.05254
-1.16488
-0.0379385
1.20569
2.38604
3.35864
4.01852
4.31352
4.25297
3.90064
3.35787
2.73278
2.11397
1.56627
1.13395
0.855986
0.768238
0.86681
1.13064
1.49567
1.89977
2.25001
2.50905
2.62676
2.59056
2.43876
2.1782
1.8867
1.57268
1.28938
1.07498
0.931502
0.855019
0.828169
0.830565
0.853076
0.884923
0.912461
0.935769
0.946113
0.944519
0.931765
0.912731
0.890302
0.866763
0.841045
0.817232
0.790572
0.762692
0.73541
0.7055
0.680291
0.649334
0.617535
0.580695
0.542438
0.501876
0.461199
0.421885
0.382816
0.342313
0.302184
0.257552
0.214067
0.169891
0.125858
0.0854557
0.0396718
0.0176645
-3.47844
-4.1931
-4.41845
-4.25318
-3.74608
-2.84305
-1.57826
-0.106331
1.38456
2.6873
3.66652
4.24983
4.4122
4.21211
3.75031
3.15144
2.52199
1.92994
1.42382
1.02826
0.785374
0.731816
0.865207
1.16286
1.55496
1.97768
2.32666
2.58305
2.67859
2.60372
2.42649
2.13458
1.83206
1.50711
1.22356
1.02102
0.890876
0.829617
0.81501
0.823339
0.849166
0.882616
0.908607
0.930199
0.938347
0.934084
0.920199
0.901402
0.879904
0.858327
0.834785
0.813484
0.788586
0.762086
0.736261
0.706968
0.682761
0.651848
0.620096
0.582923
0.544615
0.504114
0.463788
0.42481
0.385808
0.344874
0.30439
0.259188
0.215577
0.171357
0.127372
0.0868007
0.0411922
0.017987
-4.54479
-5.58513
-5.84554
-5.54402
-4.77492
-3.47966
-1.80932
-0.021504
1.66971
3.02257
3.94566
4.4078
4.4182
4.08578
3.54409
2.92925
2.33267
1.79121
1.33599
0.980068
0.764641
0.735965
0.892001
1.21421
1.62185
2.06091
2.40319
2.64777
2.71725
2.6044
2.40463
2.08343
1.7762
1.44648
1.16607
0.976111
0.859913
0.812302
0.807868
0.81948
0.846849
0.880709
0.904462
0.923886
0.930007
0.923678
0.908484
0.890425
0.870717
0.851227
0.829881
0.810944
0.787609
0.762271
0.737408
0.70868
0.685578
0.654669
0.622952
0.58554
0.547226
0.50692
0.467038
0.428328
0.389315
0.34786
0.306998
0.261253
0.217551
0.17331
0.12932
0.0885102
0.043017
0.0185355
-5.70687
-7.01637
-7.21934
-6.71262
-5.64673
-3.93484
-1.86326
0.198934
2.01333
3.34735
4.16174
4.4834
4.33617
3.88883
3.30469
2.71412
2.1815
1.70258
1.30513
0.982471
0.78778
0.771256
0.939604
1.27649
1.69369
2.14161
2.4695
2.70562
2.74598
2.58845
2.37327
2.02629
1.72274
1.39038
1.11628
0.940677
0.837101
0.801363
0.805062
0.817443
0.844879
0.878707
0.899797
0.917062
0.921449
0.912677
0.897238
0.880339
0.862126
0.844789
0.825656
0.808912
0.786984
0.762668
0.73903
0.710793
0.688496
0.657646
0.626043
0.588566
0.550424
0.510395
0.47096
0.432446
0.393332
0.351249
0.310004
0.263786
0.220037
0.17577
0.131709
0.0906068
0.0451188
0.0192781
-7.11015
-8.54027
-8.52745
-7.72545
-6.33888
-4.19026
-1.76034
0.502538
2.37332
3.63065
4.3005
4.47595
4.17708
3.64614
3.05875
2.52657
2.07825
1.66927
1.32639
1.03164
0.844359
0.82673
0.996349
1.342
1.76225
2.21781
2.52704
2.75089
2.76023
2.558
2.33533
1.96466
1.67273
1.34122
1.07554
0.913425
0.821471
0.795288
0.805199
0.81602
0.842761
0.875833
0.893995
0.909066
0.912049
0.901675
0.88584
0.870471
0.854536
0.839318
0.822382
0.807647
0.786973
0.763557
0.74076
0.713002
0.691759
0.661057
0.629603
0.592202
0.554236
0.514555
0.475581
0.437132
0.397819
0.355024
0.313441
0.266748
0.222955
0.17866
0.134432
0.0929659
0.0474189
0.0201804
-8.77264
-10.1031
-9.69082
-8.51387
-6.80077
-4.26015
-1.54629
0.841808
2.69322
3.83793
4.35114
4.39224
3.96577
3.38436
2.83178
2.3836
2.02934
1.68565
1.39066
1.11427
0.922522
0.891676
1.05583
1.40535
1.82706
2.28389
2.5727
2.78568
2.76271
2.51463
2.29035
1.90296
1.62691
1.29818
1.04293
0.893654
0.811464
0.792517
0.806828
0.814447
0.839652
0.871967
0.887376
0.900243
0.902267
0.890141
0.874751
0.861305
0.847361
0.834208
0.819476
0.806562
0.787068
0.76454
0.742834
0.715735
0.695239
0.664839
0.633612
0.596466
0.558794
0.519457
0.480863
0.442343
0.40273
0.359216
0.317225
0.27016
0.226328
0.181968
0.137476
0.0956064
0.0498908
0.021211
-10.6781
-11.6786
-10.7119
-9.05213
-7.0556
-4.16447
-1.2624
1.16837
2.9383
3.95571
4.30869
4.2539
3.72441
3.12994
2.64171
2.29117
2.03058
1.74619
1.48944
1.22191
1.01109
0.955948
1.10984
1.46281
1.88495
2.34152
2.60426
2.80836
2.7531
2.45758
2.24501
1.83985
1.58906
1.26242
1.01819
0.879913
0.805685
0.791683
0.809144
0.811697
0.835601
0.866768
0.879277
0.890112
0.891602
0.878705
0.863576
0.852315
0.840972
0.829814
0.817235
0.805979
0.787611
0.765981
0.745193
0.718689
0.699277
0.669268
0.638303
0.601508
0.564046
0.525057
0.486775
0.448022
0.408027
0.36369
0.321446
0.273951
0.230045
0.185581
0.140748
0.0984126
0.0524709
0.0223433
-12.8582
-13.1897
-11.5368
-9.37746
-7.07819
-3.95
-0.961017
1.44042
3.08465
3.97885
4.19823
4.06574
3.47925
2.90751
2.5047
2.25498
2.07962
1.84383
1.60619
1.34152
1.09832
1.01427
1.15622
1.51282
1.93616
2.38215
2.62811
2.8176
2.73243
2.39807
2.19258
1.78533
1.55272
1.23358
1.00036
0.871471
0.802881
0.791675
0.810656
0.807954
0.83012
0.859898
0.870313
0.878896
0.880411
0.866846
0.852596
0.843885
0.834843
0.825662
0.81517
0.80546
0.788231
0.767627
0.747711
0.722511
0.703743
0.674237
0.643606
0.60726
0.570028
0.531327
0.493231
0.454092
0.413648
0.368643
0.325865
0.278144
0.234131
0.189485
0.144259
0.101409
0.0551559
0.0235613
-15.186
-14.546
-12.1786
-9.51359
-6.92415
-3.6692
-0.684819
1.62971
3.13348
3.91384
4.03521
3.85185
3.2539
2.73465
2.42631
2.27052
2.16544
1.96533
1.73042
1.45856
1.17785
1.0636
1.1935
1.55517
1.97976
2.40925
2.64184
2.81323
2.70147
2.33936
2.13697
1.739
1.51939
1.21106
0.988381
0.866698
0.801795
0.791558
0.810419
0.803143
0.823465
0.851466
0.860307
0.866875
0.868539
0.85502
0.842095
0.835818
0.829243
0.822019
0.813567
0.805257
0.789217
0.769747
0.750649
0.727103
0.708822
0.679919
0.649631
0.613759
0.576639
0.538207
0.50013
0.460485
0.419534
0.373902
0.330568
0.282679
0.238474
0.193604
0.14792
0.10453
0.0578976
0.024843
-17.4147
-15.5803
-12.6259
-9.50916
-6.66197
-3.37338
-0.467332
1.72699
3.09754
3.77994
3.84272
3.6359
3.06599
2.61883
2.40313
2.32743
2.27427
2.09652
1.85011
1.56197
1.24473
1.10268
1.22313
1.59066
2.01693
2.42619
2.64583
2.79735
2.66306
2.2844
2.08149
1.70043
1.48987
1.19363
0.980726
0.863901
0.801094
0.790493
0.807896
0.797446
0.815881
0.841764
0.849544
0.854499
0.856263
0.843582
0.832358
0.828239
0.824353
0.819063
0.812598
0.805605
0.79083
0.772599
0.754352
0.732503
0.714661
0.686419
0.656445
0.621008
0.583873
0.545634
0.507396
0.467163
0.42566
0.379415
0.335582
0.287496
0.243012
0.197877
0.151686
0.107735
0.0606728
0.0261825
)
;

boundaryField
{
    inlet
    {
        type            freestreamPressure;
        freestreamValue uniform 0;
        value           nonuniform List<scalar> 
230
(
-0.138316
-0.139855
-0.141029
-0.141836
-0.142597
-0.143337
-0.144077
-0.144744
-0.145447
-0.146164
-0.147004
-0.147897
-0.14892
-0.149965
-0.151081
-0.152135
-0.153151
-0.154003
-0.154714
-0.155183
-0.15545
-0.155457
-0.155262
-0.154837
-0.154239
-0.153464
-0.152552
-0.151505
-0.150331
-0.149048
-0.147633
-0.146118
-0.144448
-0.142683
-0.140741
-0.138702
-0.136462
-0.134123
-0.131567
-0.128911
-0.12603
-0.123051
-0.119853
-0.116568
-0.113078
-0.109515
-0.105768
-0.101965
-0.0980077
-0.0940109
-0.0898874
-0.0857447
-0.0815132
-0.0772779
-0.072986
-0.0687022
-0.0644286
-0.060154
-0.0559635
-0.0518369
-0.0478327
-0.0439592
-0.0402662
-0.0367787
-0.0335289
-0.030512
-0.0277059
-0.025133
-0.0227579
-0.0209855
-0.0188132
-0.0193554
-0.00957377
-0.0233635
0.452748
0.277136
0.138557
0.0318805
-0.0479227
-0.106101
-0.147293
-0.175331
-0.193285
-0.203665
-0.208421
-0.209172
-0.207082
-0.203145
-0.197959
-0.192099
-0.186063
-0.179778
-0.1735
-0.167736
-0.162578
-0.158218
-0.154475
-0.151394
-0.148861
-0.146913
-0.145393
-0.144267
-0.143362
-0.142621
-0.141907
-0.141192
-0.140417
-0.139617
-0.138811
-0.138083
-0.13748
-0.137093
-0.136921
-0.137065
-0.137359
0.659684
0.860961
1.03752
1.18044
1.28974
1.37044
1.42882
1.47063
1.50037
1.52144
1.53624
1.54656
1.55355
1.55814
1.56081
1.56209
1.56213
1.56126
1.55952
1.55715
1.55421
1.55084
1.54697
1.54251
1.53755
1.53211
1.52636
1.52026
1.51404
1.50764
1.50131
1.49495
1.48885
1.48284
1.47721
1.47177
1.46679
1.46207
1.45787
1.45397
1.45064
1.44913
1.44954
1.44806
1.44613
1.44448
1.44299
1.44135
1.4395
1.4375
1.43529
1.43295
1.43034
1.42757
1.42452
1.42135
1.4179
1.41435
1.41053
1.40663
1.40247
1.39822
1.39368
1.38901
1.38402
1.37883
1.37327
1.36746
1.36127
1.35477
1.34788
1.34066
1.33307
1.32509
1.31674
1.30794
1.29873
1.28897
1.27873
1.26784
1.25635
1.24409
1.23111
1.21723
1.20252
1.18677
1.17007
1.15225
1.13336
1.11326
1.09201
1.0695
1.04574
1.02067
0.994282
0.966542
0.937412
0.906899
0.874953
0.841594
0.806782
0.770524
0.732807
0.693591
0.65288
0.610556
0.566592
0.520688
0.472663
0.421961
0.367844
0.308894
0.242305
0.162199
0.0568785
)
;
    }
    outlet
    {
        type            freestreamPressure;
        freestreamValue uniform 0;
        value           nonuniform List<scalar> 
96
(
0.00096877
0.00101556
0.00105695
0.0010915
0.00112043
0.00114406
0.00116369
0.00117869
0.00119016
0.00119729
0.00120126
0.00120104
0.00119773
0.00119007
0.00117921
0.00116376
0.0011449
0.00112074
0.00109344
0.00106166
0.00102666
0.000986994
0.00094442
0.00089795
0.000849225
0.000797275
0.000742982
0.000685048
0.000623663
0.000556903
0.000484307
0.000402124
0.000307238
0.000193556
6.22785e-05
-8.35145e-05
-0.000208951
-0.000157505
0.000419998
0.00181163
0.0036928
0.00496987
0.00461986
0.0025678
9.73679e-05
-0.001834
-0.0014831
-0.00261491
0.00296498
0.00189382
0.00127086
0.00130187
0.00129751
0.00121102
0.00115869
0.00113873
0.00111886
0.00109413
0.00106793
0.00104389
0.00102252
0.00100653
0.000994738
0.000986589
0.000978367
0.000969171
0.000957384
0.000944811
0.000932238
0.000922264
0.000915002
0.000910937
0.000907886
0.000903991
0.000896213
0.000882633
0.00086193
0.000834073
0.000800426
0.000762927
0.000724606
0.000688583
0.00065772
0.000633854
0.000618472
0.000612244
0.000615256
0.00062701
0.00064666
0.000673121
0.000705222
0.000741885
0.000782202
0.000825617
0.000871367
0.000919264
)
;
    }
    walls
    {
        type            zeroGradient;
    }
    frontAndBack
    {
        type            empty;
    }
}


// ************************************************************************* //
